1000 10 1
10
	0	78	1	23	2	23	3	71	4	89	5	97	6	46	7	13	8	39	9	18	
	0	88	1	26	2	36	3	6	4	26	5	20	6	24	7	75	8	21	9	43	
	0	30	1	40	2	6	3	44	4	83	5	52	6	67	7	43	8	99	9	24	
	0	27	1	9	2	60	3	15	4	35	5	67	6	56	7	55	8	57	9	42	
	0	76	1	38	2	54	3	76	4	7	5	37	6	85	7	81	8	71	9	6	
	0	67	1	51	2	41	3	85	4	98	5	76	6	68	7	71	8	18	9	5	
	0	40	1	94	2	54	3	9	4	90	5	49	6	16	7	24	8	59	9	12	
	0	84	1	34	2	83	3	34	4	27	5	68	6	51	7	83	8	21	9	64	
	0	18	1	77	2	68	3	94	4	69	5	34	6	100	7	56	8	94	9	51	
	0	13	1	64	2	8	3	69	4	40	5	37	6	94	7	49	8	35	9	26	
	0	49	1	100	2	99	3	51	4	48	5	88	6	87	7	30	8	95	9	61	
	0	46	1	55	2	100	3	87	4	9	5	77	6	19	7	5	8	21	9	56	
	0	79	1	21	2	53	3	87	4	50	5	30	6	21	7	10	8	70	9	67	
	0	39	1	74	2	59	3	98	4	97	5	2	6	59	7	65	8	48	9	78	
	0	32	1	66	2	28	3	40	4	9	5	50	6	46	7	38	8	18	9	19	
	0	35	1	35	2	29	3	79	4	42	5	62	6	47	7	77	8	1	9	32	
	0	8	1	92	2	4	3	51	4	89	5	86	6	76	7	35	8	92	9	50	
	0	100	1	13	2	58	3	23	4	31	5	68	6	9	7	73	8	54	9	59	
	0	35	1	15	2	3	3	38	4	23	5	46	6	98	7	9	8	55	9	53	
	0	72	1	27	2	4	3	94	4	11	5	81	6	75	7	57	8	91	9	77	
	0	72	1	65	2	51	3	14	4	17	5	15	6	59	7	14	8	16	9	32	
	0	17	1	76	2	58	3	31	4	29	5	73	6	69	7	91	8	92	9	41	
	0	45	1	90	2	2	3	19	4	48	5	14	6	60	7	88	8	40	9	87	
	0	21	1	86	2	10	3	60	4	40	5	82	6	84	7	23	8	43	9	48	
	0	66	1	66	2	75	3	43	4	6	5	67	6	41	7	32	8	60	9	80	
	0	37	1	61	2	30	3	97	4	26	5	11	6	85	7	44	8	26	9	1	
	0	12	1	87	2	32	3	28	4	1	5	9	6	11	7	35	8	75	9	2	
	0	53	1	56	2	44	3	17	4	37	5	74	6	100	7	92	8	15	9	14	
	0	46	1	47	2	39	3	9	4	14	5	90	6	70	7	56	8	72	9	81	
	0	61	1	55	2	97	3	22	4	6	5	96	6	59	7	89	8	37	9	71	
	0	100	1	73	2	79	3	83	4	8	5	52	6	59	7	84	8	44	9	57	
	0	71	1	53	2	9	3	86	4	78	5	38	6	20	7	84	8	64	9	18	
	0	76	1	47	2	1	3	42	4	53	5	39	6	64	7	30	8	60	9	85	
	0	65	1	6	2	49	3	44	4	34	5	9	6	28	7	67	8	44	9	78	
	0	41	1	15	2	12	3	71	4	95	5	99	6	88	7	91	8	25	9	12	
	0	85	1	33	2	53	3	20	4	60	5	55	6	69	7	11	8	82	9	77	
	0	6	1	96	2	11	3	50	4	71	5	46	6	59	7	6	8	67	9	78	
	0	52	1	26	2	17	3	98	4	84	5	85	6	70	7	52	8	64	9	8	
	0	45	1	37	2	65	3	100	4	31	5	74	6	63	7	33	8	12	9	17	
	0	40	1	78	2	70	3	25	4	32	5	61	6	29	7	55	8	56	9	29	
	0	61	1	57	2	35	3	22	4	65	5	29	6	25	7	31	8	61	9	83	
	0	67	1	93	2	23	3	32	4	96	5	96	6	78	7	51	8	44	9	100	
	0	67	1	10	2	38	3	74	4	61	5	46	6	35	7	58	8	12	9	28	
	0	62	1	39	2	71	3	32	4	82	5	74	6	4	7	84	8	41	9	52	
	0	24	1	34	2	23	3	47	4	56	5	76	6	18	7	49	8	42	9	73	
	0	82	1	4	2	82	3	33	4	40	5	78	6	94	7	17	8	21	9	49	
	0	60	1	21	2	77	3	100	4	11	5	39	6	85	7	80	8	64	9	48	
	0	82	1	93	2	24	3	19	4	40	5	9	6	79	7	54	8	3	9	75	
	0	72	1	38	2	66	3	2	4	76	5	23	6	18	7	49	8	5	9	100	
	0	13	1	91	2	84	3	9	4	80	5	64	6	3	7	10	8	55	9	38	
	0	29	1	37	2	61	3	10	4	39	5	25	6	92	7	79	8	2	9	21	
	0	23	1	10	2	31	3	72	4	79	5	85	6	58	7	63	8	35	9	65	
	0	74	1	62	2	28	3	23	4	45	5	16	6	33	7	34	8	66	9	81	
	0	48	1	47	2	69	3	22	4	10	5	51	6	35	7	40	8	82	9	98	
	0	34	1	26	2	58	3	81	4	34	5	45	6	25	7	69	8	28	9	22	
	0	45	1	80	2	65	3	71	4	17	5	45	6	75	7	44	8	27	9	71	
	0	71	1	96	2	41	3	32	4	46	5	100	6	61	7	88	8	27	9	23	
	0	27	1	85	2	70	3	1	4	35	5	61	6	63	7	100	8	77	9	59	
	0	9	1	83	2	42	3	16	4	51	5	58	6	12	7	98	8	81	9	14	
	0	41	1	59	2	89	3	55	4	49	5	11	6	48	7	90	8	58	9	60	
	0	15	1	60	2	65	3	8	4	68	5	1	6	24	7	98	8	70	9	4	
	0	54	1	26	2	26	3	31	4	68	5	9	6	46	7	9	8	42	9	48	
	0	56	1	69	2	9	3	18	4	49	5	75	6	88	7	94	8	40	9	53	
	0	13	1	100	2	31	3	30	4	28	5	11	6	29	7	26	8	43	9	96	
	0	25	1	3	2	37	3	78	4	30	5	54	6	45	7	61	8	72	9	39	
	0	34	1	73	2	88	3	66	4	53	5	4	6	36	7	90	8	19	9	20	
	0	14	1	100	2	30	3	40	4	71	5	33	6	55	7	99	8	28	9	25	
	0	42	1	30	2	5	3	48	4	89	5	27	6	51	7	71	8	18	9	74	
	0	88	1	48	2	17	3	69	4	56	5	56	6	19	7	12	8	63	9	73	
	0	97	1	18	2	38	3	28	4	72	5	20	6	20	7	85	8	58	9	59	
	0	39	1	38	2	79	3	74	4	15	5	34	6	43	7	50	8	31	9	23	
	0	35	1	61	2	86	3	84	4	42	5	18	6	9	7	88	8	17	9	51	
	0	24	1	88	2	47	3	67	4	39	5	84	6	97	7	67	8	56	9	98	
	0	78	1	23	2	15	3	80	4	23	5	46	6	6	7	7	8	25	9	58	
	0	74	1	73	2	20	3	82	4	30	5	27	6	41	7	18	8	87	9	33	
	0	88	1	17	2	65	3	4	4	4	5	83	6	94	7	57	8	47	9	71	
	0	89	1	44	2	98	3	24	4	67	5	99	6	26	7	31	8	34	9	70	
	0	98	1	87	2	18	3	93	4	53	5	45	6	84	7	61	8	35	9	8	
	0	25	1	85	2	16	3	62	4	37	5	11	6	5	7	90	8	91	9	58	
	0	100	1	2	2	74	3	51	4	42	5	80	6	41	7	89	8	40	9	56	
	0	55	1	71	2	4	3	25	4	72	5	92	6	74	7	57	8	41	9	38	
	0	11	1	97	2	44	3	24	4	89	5	38	6	89	7	86	8	25	9	73	
	0	9	1	68	2	10	3	60	4	27	5	91	6	39	7	98	8	34	9	11	
	0	61	1	7	2	61	3	2	4	47	5	1	6	59	7	46	8	6	9	11	
	0	52	1	90	2	89	3	47	4	80	5	31	6	58	7	36	8	67	9	66	
	0	60	1	75	2	25	3	27	4	86	5	11	6	61	7	32	8	20	9	79	
	0	37	1	35	2	84	3	90	4	52	5	3	6	11	7	82	8	17	9	50	
	0	51	1	47	2	96	3	89	4	34	5	12	6	100	7	41	8	65	9	89	
	0	100	1	53	2	75	3	24	4	62	5	42	6	92	7	9	8	2	9	90	
	0	66	1	45	2	95	3	37	4	27	5	86	6	65	7	82	8	93	9	29	
	0	95	1	85	2	92	3	89	4	51	5	51	6	34	7	28	8	9	9	43	
	0	37	1	69	2	81	3	61	4	85	5	88	6	46	7	41	8	88	9	20	
	0	56	1	57	2	56	3	51	4	92	5	52	6	97	7	95	8	15	9	19	
	0	28	1	84	2	25	3	18	4	92	5	49	6	49	7	76	8	36	9	49	
	0	83	1	97	2	21	3	3	4	85	5	12	6	82	7	72	8	38	9	41	
	0	6	1	10	2	93	3	17	4	71	5	21	6	63	7	49	8	49	9	84	
	0	54	1	2	2	89	3	13	4	70	5	38	6	28	7	70	8	44	9	60	
	0	96	1	65	2	49	3	26	4	43	5	45	6	60	7	28	8	99	9	3	
	0	25	1	98	2	86	3	95	4	75	5	86	6	22	7	99	8	81	9	8	
	0	89	1	30	2	50	3	51	4	7	5	47	6	63	7	44	8	29	9	33	
	0	69	1	63	2	87	3	71	4	52	5	31	6	73	7	89	8	58	9	7	
	0	24	1	34	2	37	3	95	4	83	5	65	6	9	7	40	8	5	9	22	
	0	18	1	67	2	95	3	29	4	67	5	46	6	91	7	3	8	67	9	69	
	0	53	1	94	2	41	3	18	4	16	5	100	6	99	7	71	8	100	9	56	
	0	75	1	47	2	39	3	51	4	79	5	60	6	63	7	42	8	43	9	84	
	0	89	1	45	2	73	3	17	4	52	5	97	6	33	7	31	8	48	9	35	
	0	75	1	57	2	61	3	45	4	99	5	35	6	51	7	6	8	47	9	38	
	0	52	1	90	2	92	3	23	4	79	5	56	6	82	7	3	8	16	9	91	
	0	42	1	84	2	89	3	44	4	47	5	28	6	4	7	18	8	93	9	58	
	0	66	1	97	2	27	3	59	4	37	5	49	6	63	7	3	8	65	9	99	
	0	36	1	82	2	10	3	82	4	55	5	34	6	41	7	80	8	72	9	37	
	0	32	1	52	2	44	3	5	4	21	5	80	6	52	7	60	8	59	9	19	
	0	9	1	79	2	94	3	29	4	71	5	7	6	49	7	56	8	69	9	46	
	0	77	1	79	2	38	3	24	4	87	5	38	6	42	7	70	8	83	9	40	
	0	2	1	89	2	65	3	25	4	59	5	19	6	70	7	36	8	91	9	14	
	0	77	1	66	2	43	3	19	4	23	5	73	6	46	7	90	8	60	9	36	
	0	57	1	49	2	76	3	32	4	12	5	39	6	50	7	72	8	40	9	10	
	0	73	1	26	2	15	3	28	4	80	5	77	6	38	7	91	8	24	9	52	
	0	81	1	66	2	90	3	73	4	38	5	84	6	38	7	99	8	8	9	64	
	0	24	1	89	2	59	3	58	4	21	5	24	6	39	7	60	8	42	9	33	
	0	57	1	49	2	53	3	20	4	65	5	81	6	34	7	49	8	37	9	15	
	0	6	1	49	2	6	3	87	4	26	5	44	6	86	7	27	8	46	9	18	
	0	71	1	8	2	40	3	93	4	80	5	11	6	44	7	46	8	46	9	10	
	0	7	1	56	2	17	3	1	4	42	5	54	6	45	7	21	8	21	9	97	
	0	68	1	17	2	96	3	45	4	53	5	53	6	60	7	61	8	28	9	84	
	0	43	1	99	2	29	3	22	4	91	5	50	6	67	7	14	8	70	9	79	
	0	54	1	55	2	12	3	11	4	24	5	77	6	21	7	98	8	74	9	47	
	0	38	1	21	2	71	3	99	4	10	5	62	6	71	7	90	8	50	9	10	
	0	54	1	12	2	50	3	21	4	79	5	75	6	86	7	42	8	43	9	16	
	0	82	1	25	2	39	3	31	4	87	5	60	6	11	7	85	8	68	9	94	
	0	97	1	29	2	44	3	77	4	70	5	67	6	65	7	76	8	40	9	43	
	0	26	1	20	2	98	3	97	4	30	5	52	6	4	7	75	8	78	9	75	
	0	74	1	34	2	29	3	42	4	5	5	43	6	38	7	16	8	53	9	21	
	0	35	1	5	2	98	3	43	4	21	5	32	6	86	7	83	8	57	9	49	
	0	39	1	58	2	2	3	15	4	50	5	88	6	40	7	28	8	93	9	57	
	0	5	1	29	2	28	3	10	4	46	5	85	6	55	7	46	8	35	9	75	
	0	81	1	69	2	52	3	64	4	4	5	38	6	12	7	7	8	2	9	17	
	0	68	1	63	2	61	3	23	4	88	5	51	6	40	7	74	8	55	9	29	
	0	94	1	94	2	56	3	74	4	47	5	30	6	82	7	83	8	45	9	33	
	0	32	1	76	2	1	3	45	4	62	5	5	6	80	7	73	8	44	9	6	
	0	82	1	55	2	97	3	37	4	74	5	5	6	33	7	100	8	79	9	89	
	0	35	1	64	2	90	3	61	4	31	5	96	6	96	7	25	8	8	9	51	
	0	41	1	68	2	62	3	5	4	49	5	1	6	26	7	78	8	58	9	93	
	0	35	1	81	2	14	3	23	4	5	5	92	6	1	7	33	8	13	9	69	
	0	68	1	87	2	89	3	72	4	74	5	79	6	62	7	72	8	80	9	78	
	0	48	1	65	2	29	3	18	4	61	5	12	6	27	7	25	8	66	9	39	
	0	81	1	74	2	67	3	83	4	54	5	19	6	90	7	46	8	11	9	46	
	0	48	1	39	2	29	3	54	4	64	5	66	6	82	7	79	8	57	9	2	
	0	30	1	11	2	63	3	37	4	46	5	35	6	93	7	22	8	12	9	89	
	0	50	1	94	2	70	3	63	4	73	5	13	6	70	7	85	8	40	9	61	
	0	59	1	5	2	70	3	6	4	84	5	76	6	17	7	20	8	65	9	66	
	0	8	1	78	2	14	3	95	4	60	5	92	6	31	7	40	8	2	9	83	
	0	45	1	17	2	97	3	5	4	89	5	37	6	74	7	95	8	15	9	20	
	0	94	1	73	2	79	3	62	4	19	5	61	6	23	7	75	8	59	9	68	
	0	56	1	19	2	82	3	67	4	72	5	69	6	83	7	97	8	69	9	45	
	0	75	1	74	2	97	3	77	4	27	5	3	6	13	7	39	8	64	9	97	
	0	88	1	8	2	40	3	20	4	56	5	31	6	78	7	78	8	12	9	5	
	0	34	1	26	2	43	3	47	4	61	5	30	6	12	7	95	8	57	9	56	
	0	60	1	37	2	98	3	68	4	56	5	1	6	28	7	17	8	71	9	61	
	0	24	1	27	2	60	3	56	4	26	5	52	6	33	7	51	8	9	9	67	
	0	38	1	69	2	71	3	76	4	89	5	18	6	75	7	15	8	91	9	64	
	0	42	1	81	2	91	3	49	4	30	5	65	6	6	7	89	8	94	9	45	
	0	7	1	89	2	26	3	92	4	77	5	86	6	1	7	92	8	32	9	68	
	0	10	1	13	2	97	3	86	4	30	5	4	6	27	7	3	8	34	9	10	
	0	47	1	92	2	88	3	53	4	91	5	84	6	94	7	49	8	19	9	21	
	0	74	1	17	2	56	3	80	4	53	5	61	6	87	7	29	8	73	9	73	
	0	50	1	14	2	23	3	15	4	22	5	98	6	45	7	65	8	45	9	38	
	0	96	1	98	2	42	3	26	4	86	5	51	6	60	7	47	8	63	9	100	
	0	87	1	82	2	98	3	24	4	87	5	81	6	67	7	50	8	12	9	97	
	0	49	1	85	2	38	3	78	4	74	5	7	6	3	7	8	8	50	9	68	
	0	34	1	52	2	42	3	57	4	11	5	76	6	73	7	11	8	1	9	57	
	0	10	1	53	2	15	3	54	4	57	5	55	6	72	7	61	8	51	9	15	
	0	49	1	34	2	81	3	2	4	94	5	92	6	100	7	31	8	38	9	64	
	0	13	1	79	2	75	3	69	4	84	5	65	6	10	7	1	8	51	9	22	
	0	83	1	19	2	29	3	29	4	10	5	62	6	8	7	49	8	10	9	51	
	0	32	1	47	2	3	3	60	4	54	5	91	6	27	7	27	8	34	9	12	
	0	85	1	29	2	21	3	60	4	76	5	12	6	22	7	51	8	15	9	45	
	0	27	1	31	2	42	3	48	4	49	5	60	6	36	7	22	8	98	9	86	
	0	42	1	65	2	92	3	64	4	57	5	79	6	87	7	37	8	24	9	8	
	0	86	1	10	2	54	3	49	4	34	5	62	6	44	7	94	8	52	9	2	
	0	98	1	68	2	98	3	2	4	5	5	33	6	10	7	22	8	53	9	75	
	0	36	1	26	2	48	3	11	4	5	5	68	6	27	7	99	8	4	9	79	
	0	47	1	30	2	17	3	21	4	77	5	43	6	69	7	6	8	96	9	10	
	0	6	1	12	2	80	3	54	4	59	5	80	6	85	7	10	8	12	9	30	
	0	25	1	43	2	60	3	62	4	59	5	30	6	20	7	4	8	93	9	4	
	0	86	1	9	2	93	3	41	4	54	5	40	6	76	7	47	8	17	9	75	
	0	91	1	8	2	51	3	35	4	40	5	3	6	3	7	51	8	17	9	10	
	0	11	1	90	2	16	3	80	4	1	5	25	6	80	7	97	8	1	9	63	
	0	27	1	82	2	40	3	3	4	9	5	35	6	75	7	88	8	76	9	93	
	0	26	1	81	2	47	3	26	4	21	5	48	6	69	7	71	8	65	9	65	
	0	27	1	97	2	14	3	40	4	3	5	68	6	12	7	59	8	98	9	41	
	0	77	1	99	2	93	3	73	4	91	5	42	6	36	7	49	8	7	9	5	
	0	98	1	25	2	89	3	8	4	45	5	25	6	95	7	43	8	69	9	98	
	0	29	1	6	2	1	3	8	4	23	5	77	6	28	7	20	8	84	9	44	
	0	94	1	38	2	97	3	66	4	84	5	9	6	2	7	81	8	74	9	90	
	0	93	1	75	2	52	3	7	4	82	5	73	6	92	7	36	8	32	9	39	
	0	44	1	52	2	48	3	12	4	11	5	79	6	80	7	16	8	17	9	45	
	0	98	1	97	2	20	3	51	4	100	5	9	6	43	7	74	8	14	9	92	
	0	30	1	51	2	67	3	61	4	8	5	71	6	95	7	15	8	54	9	64	
	0	37	1	34	2	100	3	86	4	25	5	9	6	26	7	49	8	27	9	15	
	0	33	1	33	2	24	3	1	4	16	5	33	6	33	7	23	8	26	9	16	
	0	50	1	27	2	29	3	51	4	87	5	57	6	21	7	45	8	51	9	38	
	0	64	1	20	2	74	3	58	4	22	5	26	6	97	7	40	8	50	9	66	
	0	90	1	8	2	100	3	42	4	69	5	89	6	9	7	67	8	24	9	78	
	0	77	1	27	2	10	3	39	4	15	5	36	6	99	7	69	8	84	9	41	
	0	83	1	6	2	25	3	22	4	32	5	32	6	23	7	25	8	39	9	53	
	0	63	1	47	2	90	3	88	4	18	5	31	6	90	7	79	8	80	9	45	
	0	28	1	40	2	20	3	56	4	75	5	11	6	52	7	30	8	93	9	46	
	0	75	1	3	2	61	3	84	4	35	5	38	6	21	7	20	8	10	9	35	
	0	20	1	85	2	28	3	36	4	92	5	3	6	40	7	39	8	90	9	85	
	0	92	1	56	2	11	3	78	4	99	5	65	6	84	7	84	8	79	9	70	
	0	90	1	59	2	99	3	23	4	80	5	59	6	83	7	97	8	34	9	33	
	0	19	1	61	2	30	3	51	4	58	5	48	6	2	7	56	8	32	9	92	
	0	6	1	30	2	38	3	20	4	55	5	72	6	27	7	63	8	97	9	52	
	0	64	1	19	2	78	3	14	4	69	5	82	6	93	7	43	8	56	9	2	
	0	26	1	88	2	38	3	57	4	52	5	95	6	100	7	88	8	77	9	61	
	0	68	1	21	2	41	3	51	4	14	5	96	6	18	7	26	8	62	9	18	
	0	59	1	25	2	53	3	26	4	29	5	17	6	60	7	22	8	59	9	33	
	0	32	1	82	2	75	3	61	4	23	5	88	6	7	7	86	8	71	9	83	
	0	77	1	52	2	91	3	69	4	39	5	6	6	4	7	81	8	86	9	7	
	0	6	1	59	2	62	3	6	4	20	5	19	6	11	7	85	8	36	9	76	
	0	87	1	48	2	4	3	37	4	40	5	96	6	66	7	15	8	13	9	19	
	0	15	1	2	2	69	3	10	4	9	5	82	6	45	7	85	8	79	9	62	
	0	60	1	44	2	58	3	12	4	53	5	36	6	21	7	25	8	75	9	90	
	0	81	1	32	2	84	3	100	4	39	5	70	6	56	7	5	8	8	9	80	
	0	30	1	14	2	20	3	36	4	83	5	78	6	62	7	3	8	14	9	92	
	0	80	1	80	2	28	3	33	4	34	5	7	6	96	7	2	8	41	9	40	
	0	3	1	55	2	3	3	71	4	62	5	65	6	46	7	78	8	9	9	79	
	0	96	1	12	2	45	3	39	4	93	5	10	6	22	7	58	8	31	9	16	
	0	3	1	17	2	98	3	51	4	2	5	62	6	78	7	86	8	23	9	8	
	0	44	1	78	2	13	3	94	4	95	5	59	6	54	7	96	8	17	9	60	
	0	89	1	95	2	37	3	80	4	54	5	51	6	99	7	71	8	13	9	28	
	0	50	1	5	2	67	3	94	4	86	5	77	6	58	7	91	8	55	9	26	
	0	87	1	30	2	70	3	4	4	43	5	45	6	71	7	85	8	55	9	44	
	0	51	1	44	2	70	3	69	4	49	5	42	6	46	7	29	8	17	9	84	
	0	29	1	61	2	77	3	37	4	82	5	2	6	48	7	89	8	44	9	3	
	0	76	1	64	2	20	3	100	4	86	5	56	6	31	7	41	8	61	9	18	
	0	70	1	17	2	46	3	40	4	6	5	65	6	64	7	100	8	16	9	29	
	0	100	1	77	2	35	3	9	4	7	5	42	6	29	7	18	8	11	9	57	
	0	83	1	15	2	64	3	79	4	68	5	11	6	85	7	10	8	18	9	37	
	0	16	1	12	2	54	3	88	4	87	5	29	6	86	7	2	8	56	9	32	
	0	68	1	64	2	96	3	81	4	9	5	63	6	44	7	87	8	91	9	52	
	0	64	1	41	2	37	3	99	4	97	5	90	6	58	7	18	8	71	9	13	
	0	65	1	71	2	40	3	65	4	64	5	100	6	17	7	73	8	86	9	10	
	0	2	1	40	2	55	3	72	4	96	5	20	6	44	7	81	8	36	9	56	
	0	25	1	70	2	11	3	82	4	84	5	63	6	82	7	7	8	71	9	26	
	0	75	1	26	2	78	3	21	4	81	5	87	6	14	7	21	8	66	9	36	
	0	2	1	39	2	51	3	75	4	93	5	99	6	25	7	3	8	76	9	37	
	0	83	1	41	2	42	3	48	4	55	5	88	6	46	7	10	8	75	9	84	
	0	97	1	34	2	30	3	28	4	2	5	60	6	84	7	40	8	79	9	43	
	0	82	1	62	2	94	3	62	4	18	5	16	6	20	7	77	8	51	9	58	
	0	85	1	68	2	34	3	66	4	14	5	56	6	85	7	90	8	21	9	37	
	0	69	1	95	2	28	3	90	4	36	5	80	6	73	7	100	8	59	9	38	
	0	16	1	83	2	43	3	97	4	9	5	42	6	51	7	5	8	46	9	12	
	0	70	1	72	2	11	3	93	4	7	5	83	6	38	7	92	8	29	9	5	
	0	86	1	68	2	82	3	51	4	83	5	78	6	84	7	2	8	90	9	77	
	0	80	1	15	2	75	3	12	4	83	5	96	6	21	7	81	8	18	9	53	
	0	71	1	62	2	21	3	22	4	26	5	62	6	28	7	4	8	66	9	75	
	0	50	1	28	2	93	3	31	4	64	5	39	6	54	7	2	8	67	9	60	
	0	47	1	50	2	70	3	97	4	16	5	22	6	10	7	33	8	81	9	33	
	0	19	1	59	2	50	3	47	4	8	5	11	6	49	7	53	8	64	9	46	
	0	68	1	6	2	33	3	19	4	22	5	66	6	2	7	57	8	45	9	55	
	0	64	1	21	2	75	3	8	4	29	5	6	6	42	7	86	8	10	9	40	
	0	52	1	59	2	11	3	81	4	47	5	69	6	85	7	3	8	62	9	63	
	0	19	1	11	2	34	3	79	4	2	5	8	6	61	7	80	8	88	9	20	
	0	85	1	24	2	40	3	47	4	1	5	63	6	53	7	13	8	21	9	15	
	0	65	1	98	2	55	3	87	4	60	5	22	6	15	7	86	8	90	9	52	
	0	79	1	36	2	69	3	100	4	72	5	100	6	100	7	20	8	66	9	22	
	0	2	1	64	2	82	3	54	4	27	5	86	6	79	7	95	8	98	9	57	
	0	74	1	29	2	19	3	71	4	35	5	24	6	20	7	6	8	9	9	41	
	0	23	1	19	2	66	3	60	4	15	5	85	6	1	7	40	8	100	9	70	
	0	97	1	28	2	44	3	9	4	71	5	31	6	77	7	83	8	63	9	83	
	0	25	1	40	2	56	3	40	4	13	5	22	6	98	7	11	8	22	9	5	
	0	58	1	78	2	50	3	79	4	61	5	2	6	11	7	26	8	65	9	52	
	0	70	1	31	2	53	3	6	4	83	5	35	6	72	7	25	8	93	9	46	
	0	18	1	37	2	32	3	21	4	55	5	29	6	59	7	83	8	69	9	81	
	0	82	1	91	2	81	3	98	4	37	5	66	6	53	7	83	8	91	9	52	
	0	77	1	47	2	57	3	30	4	76	5	64	6	5	7	62	8	38	9	60	
	0	84	1	26	2	72	3	15	4	45	5	84	6	32	7	15	8	33	9	63	
	0	68	1	19	2	56	3	24	4	82	5	20	6	40	7	68	8	42	9	63	
	0	94	1	29	2	60	3	89	4	54	5	96	6	32	7	69	8	32	9	41	
	0	36	1	30	2	85	3	4	4	53	5	97	6	31	7	64	8	18	9	82	
	0	14	1	98	2	3	3	32	4	76	5	88	6	2	7	40	8	80	9	50	
	0	72	1	78	2	44	3	94	4	22	5	90	6	60	7	52	8	94	9	50	
	0	39	1	98	2	14	3	61	4	13	5	51	6	73	7	89	8	6	9	99	
	0	26	1	42	2	91	3	39	4	42	5	91	6	51	7	59	8	16	9	62	
	0	77	1	63	2	55	3	47	4	77	5	80	6	32	7	59	8	41	9	80	
	0	95	1	43	2	38	3	40	4	21	5	96	6	96	7	27	8	32	9	85	
	0	83	1	32	2	99	3	56	4	60	5	95	6	92	7	99	8	44	9	49	
	0	13	1	3	2	63	3	84	4	39	5	24	6	37	7	45	8	22	9	79	
	0	71	1	68	2	49	3	95	4	13	5	24	6	69	7	51	8	69	9	22	
	0	82	1	51	2	16	3	31	4	30	5	35	6	36	7	53	8	11	9	57	
	0	66	1	2	2	12	3	30	4	93	5	25	6	100	7	99	8	53	9	11	
	0	62	1	26	2	26	3	85	4	41	5	56	6	21	7	16	8	40	9	27	
	0	53	1	21	2	14	3	85	4	74	5	76	6	18	7	8	8	24	9	2	
	0	77	1	17	2	51	3	86	4	69	5	27	6	72	7	97	8	1	9	29	
	0	27	1	40	2	78	3	60	4	75	5	39	6	15	7	100	8	100	9	33	
	0	56	1	43	2	96	3	75	4	98	5	39	6	14	7	71	8	99	9	25	
	0	87	1	45	2	88	3	42	4	35	5	33	6	13	7	39	8	52	9	40	
	0	36	1	5	2	89	3	78	4	22	5	18	6	46	7	65	8	7	9	48	
	0	80	1	71	2	33	3	39	4	62	5	77	6	40	7	63	8	87	9	92	
	0	62	1	12	2	22	3	95	4	66	5	73	6	28	7	59	8	59	9	93	
	0	72	1	79	2	99	3	85	4	78	5	87	6	17	7	11	8	15	9	87	
	0	61	1	56	2	60	3	6	4	82	5	80	6	58	7	62	8	50	9	59	
	0	37	1	75	2	30	3	68	4	1	5	91	6	12	7	83	8	31	9	56	
	0	32	1	45	2	37	3	98	4	71	5	23	6	46	7	85	8	55	9	52	
	0	89	1	70	2	80	3	63	4	40	5	46	6	23	7	1	8	80	9	8	
	0	34	1	24	2	44	3	64	4	91	5	62	6	48	7	66	8	87	9	93	
	0	61	1	100	2	95	3	63	4	22	5	88	6	49	7	76	8	10	9	42	
	0	93	1	71	2	57	3	90	4	54	5	70	6	68	7	39	8	25	9	86	
	0	94	1	3	2	81	3	90	4	49	5	11	6	38	7	32	8	98	9	91	
	0	49	1	30	2	45	3	40	4	88	5	84	6	37	7	26	8	31	9	40	
	0	48	1	68	2	70	3	50	4	46	5	94	6	65	7	45	8	81	9	94	
	0	15	1	43	2	62	3	76	4	87	5	45	6	22	7	49	8	3	9	68	
	0	76	1	47	2	39	3	89	4	99	5	34	6	88	7	99	8	99	9	19	
	0	42	1	62	2	54	3	58	4	87	5	64	6	49	7	87	8	39	9	36	
	0	69	1	13	2	70	3	73	4	40	5	18	6	16	7	68	8	33	9	28	
	0	53	1	14	2	33	3	38	4	56	5	97	6	67	7	87	8	10	9	4	
	0	11	1	27	2	82	3	7	4	58	5	43	6	59	7	94	8	42	9	88	
	0	22	1	47	2	98	3	65	4	16	5	18	6	94	7	58	8	100	9	44	
	0	33	1	25	2	96	3	84	4	26	5	3	6	78	7	75	8	29	9	32	
	0	91	1	68	2	79	3	16	4	95	5	68	6	66	7	33	8	30	9	70	
	0	25	1	90	2	79	3	85	4	83	5	95	6	16	7	69	8	46	9	44	
	0	31	1	81	2	6	3	44	4	24	5	16	6	63	7	18	8	16	9	95	
	0	97	1	99	2	6	3	26	4	48	5	7	6	68	7	94	8	89	9	71	
	0	61	1	66	2	29	3	24	4	98	5	56	6	20	7	9	8	16	9	39	
	0	52	1	91	2	33	3	55	4	48	5	5	6	26	7	33	8	100	9	32	
	0	93	1	44	2	8	3	93	4	79	5	94	6	45	7	43	8	67	9	32	
	0	52	1	33	2	67	3	6	4	62	5	75	6	3	7	30	8	37	9	45	
	0	28	1	6	2	78	3	92	4	86	5	74	6	31	7	37	8	94	9	84	
	0	40	1	69	2	31	3	48	4	9	5	59	6	27	7	40	8	47	9	34	
	0	19	1	45	2	57	3	78	4	1	5	80	6	82	7	2	8	62	9	23	
	0	42	1	33	2	76	3	69	4	34	5	22	6	69	7	65	8	16	9	26	
	0	91	1	8	2	59	3	84	4	60	5	9	6	51	7	91	8	26	9	89	
	0	94	1	8	2	99	3	28	4	61	5	64	6	70	7	22	8	83	9	18	
	0	23	1	41	2	91	3	78	4	69	5	64	6	8	7	41	8	20	9	17	
	0	1	1	5	2	73	3	57	4	47	5	6	6	10	7	100	8	68	9	87	
	0	26	1	56	2	22	3	22	4	41	5	94	6	49	7	42	8	42	9	39	
	0	62	1	27	2	38	3	74	4	5	5	85	6	43	7	68	8	33	9	14	
	0	49	1	10	2	12	3	19	4	4	5	19	6	46	7	82	8	51	9	97	
	0	4	1	65	2	53	3	13	4	10	5	51	6	51	7	39	8	96	9	24	
	0	14	1	16	2	86	3	52	4	59	5	67	6	47	7	57	8	33	9	36	
	0	37	1	25	2	69	3	40	4	80	5	90	6	93	7	78	8	21	9	49	
	0	68	1	67	2	85	3	91	4	39	5	20	6	39	7	44	8	70	9	54	
	0	14	1	90	2	89	3	51	4	48	5	85	6	73	7	56	8	69	9	85	
	0	7	1	76	2	92	3	81	4	100	5	94	6	65	7	76	8	16	9	75	
	0	91	1	66	2	53	3	67	4	48	5	96	6	87	7	54	8	56	9	9	
	0	6	1	97	2	15	3	52	4	76	5	50	6	60	7	83	8	74	9	93	
	0	3	1	71	2	37	3	44	4	21	5	51	6	26	7	18	8	63	9	51	
	0	56	1	21	2	65	3	70	4	18	5	13	6	2	7	95	8	21	9	42	
	0	6	1	25	2	35	3	66	4	7	5	62	6	10	7	61	8	13	9	66	
	0	56	1	69	2	65	3	25	4	84	5	81	6	53	7	74	8	7	9	6	
	0	54	1	1	2	97	3	5	4	91	5	96	6	15	7	41	8	94	9	34	
	0	34	1	53	2	21	3	68	4	93	5	38	6	71	7	92	8	79	9	94	
	0	48	1	77	2	88	3	66	4	27	5	57	6	52	7	90	8	64	9	95	
	0	83	1	30	2	47	3	72	4	8	5	86	6	48	7	9	8	47	9	75	
	0	68	1	15	2	5	3	81	4	84	5	24	6	24	7	4	8	1	9	34	
	0	28	1	83	2	45	3	44	4	94	5	98	6	38	7	38	8	72	9	67	
	0	89	1	30	2	10	3	64	4	1	5	6	6	100	7	55	8	5	9	16	
	0	84	1	82	2	72	3	28	4	6	5	48	6	80	7	6	8	20	9	18	
	0	47	1	32	2	16	3	63	4	87	5	44	6	79	7	45	8	1	9	59	
	0	56	1	45	2	61	3	18	4	80	5	38	6	4	7	9	8	21	9	83	
	0	78	1	82	2	97	3	55	4	58	5	68	6	2	7	49	8	41	9	68	
	0	84	1	98	2	8	3	98	4	64	5	63	6	39	7	81	8	69	9	65	
	0	71	1	62	2	80	3	67	4	75	5	31	6	40	7	57	8	28	9	71	
	0	64	1	99	2	54	3	78	4	21	5	6	6	91	7	99	8	77	9	97	
	0	22	1	26	2	14	3	37	4	68	5	88	6	79	7	85	8	93	9	2	
	0	60	1	52	2	6	3	62	4	82	5	57	6	24	7	78	8	100	9	49	
	0	33	1	15	2	84	3	9	4	46	5	77	6	89	7	47	8	25	9	21	
	0	1	1	31	2	60	3	51	4	8	5	67	6	59	7	71	8	46	9	87	
	0	36	1	40	2	78	3	32	4	18	5	91	6	75	7	79	8	4	9	90	
	0	62	1	70	2	47	3	33	4	46	5	56	6	90	7	39	8	26	9	90	
	0	14	1	81	2	29	3	75	4	83	5	60	6	24	7	80	8	2	9	13	
	0	39	1	68	2	29	3	90	4	30	5	38	6	97	7	37	8	61	9	86	
	0	55	1	8	2	60	3	76	4	63	5	24	6	13	7	25	8	13	9	43	
	0	10	1	30	2	37	3	21	4	34	5	49	6	94	7	40	8	64	9	63	
	0	11	1	47	2	85	3	69	4	60	5	57	6	76	7	33	8	36	9	60	
	0	87	1	5	2	72	3	32	4	72	5	86	6	87	7	58	8	49	9	14	
	0	80	1	5	2	70	3	44	4	34	5	24	6	34	7	78	8	50	9	88	
	0	97	1	25	2	52	3	61	4	65	5	89	6	16	7	48	8	59	9	16	
	0	16	1	43	2	94	3	28	4	84	5	77	6	79	7	33	8	73	9	42	
	0	67	1	77	2	30	3	51	4	46	5	72	6	93	7	70	8	49	9	16	
	0	15	1	95	2	95	3	90	4	48	5	24	6	58	7	36	8	66	9	76	
	0	85	1	6	2	52	3	72	4	73	5	79	6	66	7	100	8	65	9	57	
	0	100	1	8	2	39	3	85	4	37	5	6	6	50	7	14	8	22	9	63	
	0	81	1	10	2	20	3	70	4	54	5	2	6	39	7	70	8	81	9	82	
	0	21	1	65	2	16	3	44	4	40	5	54	6	64	7	27	8	23	9	28	
	0	38	1	5	2	28	3	12	4	91	5	15	6	2	7	12	8	34	9	65	
	0	66	1	79	2	56	3	81	4	38	5	69	6	86	7	16	8	53	9	40	
	0	8	1	28	2	7	3	54	4	61	5	38	6	24	7	65	8	56	9	39	
	0	47	1	58	2	66	3	63	4	65	5	97	6	89	7	10	8	32	9	61	
	0	89	1	66	2	88	3	38	4	78	5	91	6	73	7	79	8	87	9	22	
	0	11	1	7	2	46	3	65	4	1	5	27	6	36	7	39	8	64	9	81	
	0	81	1	76	2	89	3	9	4	76	5	85	6	8	7	25	8	89	9	50	
	0	85	1	72	2	97	3	33	4	71	5	80	6	78	7	39	8	44	9	88	
	0	37	1	6	2	51	3	73	4	96	5	21	6	2	7	17	8	81	9	29	
	0	68	1	99	2	53	3	28	4	82	5	81	6	66	7	64	8	27	9	19	
	0	22	1	19	2	10	3	78	4	68	5	62	6	45	7	45	8	96	9	29	
	0	12	1	13	2	59	3	72	4	3	5	60	6	49	7	44	8	52	9	92	
	0	68	1	94	2	77	3	25	4	22	5	93	6	14	7	100	8	75	9	8	
	0	84	1	15	2	4	3	22	4	19	5	38	6	44	7	5	8	30	9	37	
	0	57	1	70	2	88	3	22	4	43	5	78	6	49	7	98	8	34	9	55	
	0	88	1	35	2	33	3	11	4	10	5	60	6	100	7	87	8	77	9	36	
	0	26	1	92	2	18	3	89	4	88	5	78	6	67	7	1	8	63	9	81	
	0	100	1	33	2	65	3	4	4	66	5	6	6	83	7	63	8	67	9	21	
	0	6	1	61	2	46	3	18	4	12	5	96	6	75	7	20	8	54	9	60	
	0	54	1	65	2	81	3	18	4	25	5	89	6	73	7	47	8	99	9	58	
	0	98	1	95	2	80	3	91	4	98	5	66	6	27	7	53	8	61	9	2	
	0	97	1	63	2	65	3	71	4	57	5	62	6	81	7	96	8	28	9	21	
	0	44	1	90	2	73	3	28	4	98	5	12	6	25	7	91	8	68	9	65	
	0	90	1	82	2	81	3	7	4	47	5	20	6	78	7	13	8	90	9	12	
	0	43	1	44	2	73	3	58	4	84	5	83	6	94	7	7	8	99	9	80	
	0	53	1	67	2	51	3	72	4	28	5	48	6	14	7	75	8	30	9	52	
	0	60	1	13	2	97	3	77	4	64	5	49	6	60	7	4	8	41	9	91	
	0	29	1	67	2	6	3	28	4	60	5	29	6	10	7	67	8	32	9	84	
	0	72	1	5	2	34	3	15	4	6	5	2	6	45	7	70	8	41	9	54	
	0	37	1	46	2	37	3	46	4	68	5	46	6	35	7	36	8	19	9	19	
	0	17	1	27	2	53	3	93	4	90	5	88	6	91	7	3	8	76	9	66	
	0	4	1	6	2	58	3	28	4	56	5	59	6	30	7	97	8	40	9	1	
	0	15	1	43	2	77	3	10	4	8	5	48	6	47	7	77	8	78	9	98	
	0	32	1	14	2	25	3	45	4	58	5	39	6	79	7	70	8	53	9	54	
	0	29	1	13	2	34	3	32	4	42	5	96	6	45	7	76	8	94	9	100	
	0	95	1	62	2	24	3	40	4	81	5	36	6	92	7	24	8	1	9	43	
	0	65	1	33	2	15	3	43	4	78	5	65	6	67	7	20	8	53	9	19	
	0	29	1	17	2	37	3	30	4	33	5	79	6	9	7	36	8	31	9	71	
	0	54	1	95	2	8	3	13	4	80	5	82	6	23	7	64	8	90	9	37	
	0	87	1	24	2	60	3	85	4	52	5	59	6	46	7	84	8	8	9	53	
	0	64	1	47	2	42	3	27	4	93	5	79	6	23	7	98	8	29	9	23	
	0	21	1	86	2	75	3	42	4	11	5	73	6	23	7	93	8	7	9	47	
	0	85	1	91	2	84	3	43	4	10	5	60	6	36	7	83	8	29	9	25	
	0	35	1	49	2	51	3	78	4	97	5	98	6	48	7	36	8	9	9	38	
	0	55	1	94	2	59	3	18	4	92	5	18	6	94	7	59	8	80	9	52	
	0	83	1	59	2	29	3	66	4	25	5	72	6	29	7	44	8	74	9	21	
	0	42	1	69	2	26	3	29	4	64	5	95	6	91	7	69	8	18	9	35	
	0	50	1	86	2	63	3	84	4	81	5	40	6	85	7	78	8	91	9	38	
	0	85	1	92	2	32	3	61	4	31	5	55	6	94	7	4	8	75	9	19	
	0	69	1	47	2	9	3	26	4	22	5	89	6	81	7	84	8	5	9	20	
	0	28	1	86	2	60	3	87	4	65	5	27	6	88	7	82	8	39	9	42	
	0	66	1	42	2	68	3	90	4	51	5	78	6	26	7	25	8	62	9	39	
	0	85	1	90	2	75	3	55	4	23	5	62	6	58	7	44	8	28	9	95	
	0	5	1	35	2	18	3	84	4	71	5	49	6	12	7	13	8	14	9	70	
	0	70	1	83	2	65	3	85	4	11	5	56	6	15	7	84	8	63	9	56	
	0	50	1	100	2	84	3	96	4	8	5	23	6	3	7	77	8	71	9	98	
	0	55	1	4	2	61	3	14	4	63	5	90	6	65	7	70	8	30	9	3	
	0	81	1	78	2	65	3	40	4	17	5	88	6	92	7	74	8	48	9	72	
	0	69	1	61	2	26	3	40	4	2	5	36	6	2	7	13	8	77	9	93	
	0	53	1	40	2	11	3	93	4	44	5	49	6	7	7	54	8	72	9	57	
	0	82	1	85	2	64	3	32	4	60	5	93	6	57	7	93	8	88	9	18	
	0	18	1	11	2	12	3	39	4	77	5	6	6	44	7	81	8	14	9	83	
	0	70	1	36	2	40	3	45	4	60	5	56	6	42	7	32	8	87	9	78	
	0	49	1	52	2	63	3	95	4	79	5	67	6	91	7	54	8	27	9	52	
	0	99	1	82	2	81	3	91	4	69	5	62	6	20	7	27	8	30	9	4	
	0	69	1	64	2	94	3	85	4	83	5	82	6	22	7	59	8	80	9	31	
	0	78	1	6	2	7	3	67	4	90	5	52	6	62	7	6	8	99	9	28	
	0	84	1	53	2	57	3	35	4	5	5	70	6	95	7	70	8	35	9	58	
	0	100	1	41	2	58	3	67	4	3	5	100	6	10	7	59	8	77	9	3	
	0	24	1	58	2	4	3	92	4	71	5	32	6	52	7	62	8	74	9	39	
	0	80	1	78	2	16	3	82	4	90	5	89	6	7	7	82	8	99	9	92	
	0	33	1	8	2	9	3	16	4	73	5	66	6	71	7	42	8	23	9	79	
	0	69	1	43	2	60	3	53	4	82	5	30	6	49	7	16	8	59	9	19	
	0	93	1	9	2	89	3	28	4	34	5	42	6	10	7	95	8	89	9	25	
	0	16	1	47	2	7	3	12	4	15	5	8	6	54	7	24	8	18	9	50	
	0	88	1	27	2	10	3	22	4	10	5	44	6	47	7	79	8	36	9	53	
	0	16	1	40	2	93	3	7	4	86	5	7	6	95	7	15	8	52	9	95	
	0	17	1	42	2	6	3	95	4	61	5	7	6	8	7	30	8	65	9	80	
	0	31	1	60	2	45	3	74	4	24	5	43	6	16	7	39	8	84	9	12	
	0	9	1	67	2	39	3	92	4	53	5	23	6	40	7	74	8	42	9	9	
	0	34	1	99	2	42	3	36	4	78	5	97	6	62	7	25	8	94	9	86	
	0	31	1	64	2	38	3	5	4	84	5	69	6	26	7	27	8	1	9	46	
	0	96	1	7	2	60	3	1	4	84	5	1	6	1	7	68	8	6	9	53	
	0	24	1	49	2	74	3	92	4	36	5	37	6	79	7	52	8	43	9	57	
	0	59	1	8	2	2	3	71	4	48	5	79	6	71	7	35	8	98	9	90	
	0	14	1	57	2	63	3	78	4	100	5	16	6	35	7	97	8	41	9	78	
	0	40	1	88	2	41	3	38	4	38	5	85	6	20	7	40	8	6	9	48	
	0	64	1	39	2	97	3	7	4	92	5	73	6	28	7	48	8	98	9	53	
	0	22	1	67	2	97	3	85	4	86	5	76	6	10	7	19	8	43	9	13	
	0	9	1	57	2	19	3	64	4	1	5	30	6	20	7	68	8	68	9	44	
	0	86	1	57	2	64	3	92	4	14	5	73	6	84	7	78	8	79	9	20	
	0	91	1	66	2	71	3	100	4	40	5	84	6	93	7	90	8	37	9	75	
	0	74	1	44	2	86	3	1	4	90	5	80	6	71	7	46	8	69	9	91	
	0	58	1	35	2	44	3	12	4	100	5	44	6	35	7	12	8	6	9	90	
	0	80	1	9	2	24	3	7	4	33	5	23	6	89	7	3	8	2	9	15	
	0	35	1	43	2	23	3	24	4	2	5	49	6	54	7	12	8	88	9	88	
	0	6	1	59	2	21	3	40	4	51	5	60	6	8	7	6	8	60	9	53	
	0	82	1	53	2	31	3	17	4	1	5	91	6	4	7	73	8	14	9	18	
	0	71	1	27	2	34	3	100	4	25	5	15	6	67	7	83	8	46	9	25	
	0	99	1	72	2	17	3	60	4	61	5	87	6	43	7	77	8	35	9	78	
	0	57	1	87	2	96	3	54	4	29	5	7	6	4	7	99	8	20	9	26	
	0	34	1	14	2	44	3	22	4	38	5	41	6	25	7	2	8	64	9	86	
	0	14	1	46	2	77	3	53	4	3	5	74	6	90	7	4	8	37	9	15	
	0	82	1	70	2	53	3	20	4	1	5	7	6	13	7	28	8	91	9	18	
	0	93	1	25	2	65	3	81	4	72	5	49	6	68	7	51	8	12	9	65	
	0	73	1	6	2	63	3	27	4	6	5	96	6	47	7	12	8	72	9	91	
	0	88	1	15	2	44	3	23	4	22	5	66	6	56	7	48	8	24	9	11	
	0	10	1	25	2	7	3	31	4	24	5	17	6	59	7	27	8	88	9	74	
	0	44	1	92	2	90	3	43	4	13	5	44	6	98	7	16	8	43	9	11	
	0	47	1	52	2	84	3	92	4	7	5	76	6	59	7	98	8	32	9	15	
	0	73	1	40	2	42	3	64	4	98	5	17	6	13	7	56	8	2	9	48	
	0	50	1	41	2	54	3	82	4	80	5	73	6	82	7	86	8	76	9	70	
	0	42	1	43	2	48	3	47	4	58	5	51	6	100	7	78	8	15	9	96	
	0	55	1	73	2	60	3	7	4	23	5	74	6	45	7	16	8	90	9	28	
	0	80	1	60	2	5	3	4	4	98	5	28	6	93	7	41	8	64	9	96	
	0	44	1	21	2	47	3	16	4	54	5	8	6	30	7	54	8	10	9	24	
	0	56	1	87	2	45	3	94	4	74	5	48	6	13	7	83	8	70	9	47	
	0	10	1	51	2	74	3	40	4	74	5	20	6	4	7	54	8	99	9	61	
	0	91	1	30	2	64	3	50	4	100	5	62	6	45	7	3	8	82	9	91	
	0	91	1	67	2	84	3	61	4	96	5	70	6	74	7	92	8	43	9	76	
	0	71	1	24	2	89	3	83	4	86	5	95	6	48	7	41	8	47	9	68	
	0	73	1	82	2	58	3	84	4	22	5	48	6	99	7	28	8	25	9	100	
	0	64	1	89	2	88	3	82	4	96	5	92	6	61	7	33	8	17	9	54	
	0	58	1	73	2	22	3	73	4	59	5	70	6	95	7	2	8	5	9	62	
	0	13	1	65	2	31	3	88	4	81	5	47	6	10	7	96	8	5	9	59	
	0	66	1	3	2	24	3	73	4	65	5	59	6	40	7	69	8	33	9	15	
	0	54	1	3	2	90	3	1	4	53	5	32	6	88	7	66	8	59	9	35	
	0	38	1	68	2	41	3	79	4	53	5	87	6	25	7	90	8	42	9	29	
	0	51	1	7	2	8	3	80	4	17	5	21	6	29	7	10	8	52	9	63	
	0	19	1	97	2	29	3	5	4	18	5	81	6	17	7	65	8	85	9	9	
	0	6	1	20	2	6	3	50	4	90	5	36	6	80	7	32	8	49	9	5	
	0	28	1	40	2	7	3	28	4	80	5	99	6	51	7	72	8	32	9	92	
	0	16	1	8	2	3	3	69	4	3	5	38	6	31	7	84	8	66	9	82	
	0	72	1	9	2	68	3	32	4	7	5	57	6	6	7	97	8	42	9	69	
	0	78	1	93	2	93	3	17	4	26	5	57	6	84	7	24	8	55	9	67	
	0	100	1	44	2	40	3	14	4	73	5	72	6	19	7	66	8	40	9	71	
	0	12	1	57	2	11	3	89	4	2	5	16	6	54	7	12	8	51	9	85	
	0	37	1	23	2	59	3	61	4	48	5	11	6	48	7	55	8	94	9	83	
	0	68	1	59	2	39	3	7	4	44	5	6	6	29	7	95	8	90	9	27	
	0	26	1	41	2	15	3	19	4	9	5	48	6	12	7	54	8	98	9	36	
	0	78	1	94	2	24	3	71	4	8	5	5	6	10	7	10	8	49	9	22	
	0	21	1	37	2	83	3	57	4	90	5	89	6	36	7	84	8	91	9	56	
	0	43	1	43	2	33	3	23	4	35	5	84	6	14	7	28	8	96	9	64	
	0	84	1	72	2	39	3	2	4	19	5	39	6	78	7	90	8	78	9	19	
	0	84	1	70	2	41	3	28	4	39	5	4	6	36	7	13	8	35	9	60	
	0	64	1	88	2	26	3	57	4	21	5	76	6	87	7	48	8	26	9	76	
	0	65	1	74	2	48	3	65	4	58	5	2	6	50	7	84	8	96	9	54	
	0	30	1	58	2	19	3	43	4	91	5	29	6	68	7	85	8	22	9	28	
	0	87	1	21	2	74	3	24	4	24	5	82	6	49	7	65	8	37	9	42	
	0	85	1	12	2	12	3	42	4	34	5	50	6	63	7	90	8	77	9	23	
	0	22	1	31	2	24	3	62	4	88	5	56	6	77	7	76	8	3	9	47	
	0	76	1	89	2	30	3	20	4	83	5	14	6	85	7	20	8	1	9	69	
	0	52	1	88	2	52	3	92	4	7	5	58	6	9	7	88	8	74	9	13	
	0	64	1	10	2	37	3	81	4	28	5	55	6	65	7	22	8	53	9	38	
	0	23	1	46	2	82	3	44	4	45	5	33	6	22	7	44	8	51	9	53	
	0	83	1	49	2	55	3	12	4	46	5	80	6	22	7	77	8	17	9	10	
	0	39	1	100	2	64	3	3	4	53	5	42	6	24	7	31	8	36	9	73	
	0	1	1	21	2	29	3	66	4	19	5	66	6	65	7	96	8	40	9	8	
	0	68	1	76	2	81	3	57	4	35	5	62	6	22	7	75	8	88	9	40	
	0	44	1	73	2	53	3	24	4	8	5	92	6	33	7	100	8	90	9	27	
	0	54	1	13	2	47	3	87	4	44	5	59	6	95	7	59	8	8	9	32	
	0	35	1	68	2	76	3	86	4	28	5	51	6	88	7	40	8	30	9	23	
	0	65	1	69	2	40	3	65	4	50	5	6	6	8	7	83	8	5	9	18	
	0	94	1	46	2	40	3	45	4	74	5	22	6	44	7	2	8	48	9	26	
	0	35	1	71	2	40	3	2	4	94	5	26	6	83	7	50	8	39	9	80	
	0	90	1	3	2	77	3	78	4	37	5	53	6	24	7	61	8	24	9	7	
	0	29	1	81	2	89	3	45	4	8	5	54	6	55	7	80	8	18	9	38	
	0	32	1	20	2	70	3	75	4	4	5	68	6	30	7	80	8	83	9	40	
	0	86	1	39	2	96	3	95	4	65	5	15	6	97	7	9	8	9	9	20	
	0	16	1	47	2	54	3	67	4	39	5	35	6	51	7	16	8	60	9	43	
	0	17	1	28	2	43	3	37	4	88	5	69	6	70	7	93	8	89	9	28	
	0	88	1	86	2	57	3	93	4	61	5	63	6	17	7	50	8	66	9	78	
	0	99	1	54	2	40	3	77	4	36	5	22	6	28	7	37	8	41	9	79	
	0	10	1	37	2	54	3	79	4	63	5	11	6	91	7	72	8	90	9	64	
	0	50	1	99	2	1	3	35	4	86	5	94	6	70	7	87	8	76	9	97	
	0	17	1	100	2	99	3	76	4	69	5	60	6	78	7	10	8	23	9	46	
	0	33	1	55	2	70	3	64	4	20	5	98	6	34	7	33	8	74	9	58	
	0	100	1	31	2	97	3	68	4	47	5	67	6	52	7	66	8	78	9	36	
	0	82	1	51	2	29	3	38	4	57	5	34	6	49	7	87	8	52	9	13	
	0	37	1	28	2	57	3	35	4	35	5	58	6	48	7	64	8	80	9	33	
	0	84	1	49	2	84	3	73	4	19	5	79	6	14	7	55	8	51	9	36	
	0	25	1	60	2	8	3	93	4	27	5	61	6	21	7	35	8	42	9	52	
	0	91	1	77	2	49	3	95	4	88	5	80	6	89	7	86	8	29	9	62	
	0	91	1	83	2	95	3	86	4	83	5	90	6	52	7	48	8	5	9	51	
	0	50	1	41	2	79	3	76	4	69	5	93	6	90	7	92	8	55	9	29	
	0	55	1	62	2	94	3	85	4	97	5	24	6	9	7	14	8	36	9	87	
	0	39	1	66	2	93	3	72	4	93	5	100	6	55	7	65	8	15	9	36	
	0	53	1	6	2	15	3	21	4	64	5	48	6	9	7	85	8	84	9	40	
	0	91	1	42	2	88	3	57	4	25	5	82	6	10	7	7	8	86	9	5	
	0	84	1	59	2	58	3	19	4	2	5	84	6	39	7	5	8	82	9	8	
	0	8	1	66	2	42	3	1	4	4	5	39	6	60	7	84	8	81	9	88	
	0	43	1	4	2	25	3	91	4	90	5	61	6	5	7	38	8	3	9	39	
	0	21	1	96	2	6	3	9	4	12	5	90	6	12	7	10	8	6	9	7	
	0	7	1	42	2	79	3	46	4	55	5	3	6	94	7	85	8	76	9	69	
	0	24	1	99	2	3	3	81	4	20	5	47	6	75	7	5	8	9	9	51	
	0	98	1	92	2	79	3	77	4	5	5	76	6	94	7	65	8	48	9	14	
	0	16	1	95	2	50	3	39	4	41	5	45	6	65	7	53	8	50	9	61	
	0	7	1	61	2	79	3	81	4	70	5	66	6	22	7	16	8	37	9	43	
	0	58	1	36	2	72	3	31	4	68	5	50	6	48	7	22	8	66	9	94	
	0	21	1	25	2	74	3	69	4	31	5	11	6	50	7	30	8	56	9	75	
	0	26	1	96	2	24	3	89	4	89	5	30	6	21	7	72	8	89	9	92	
	0	95	1	94	2	7	3	14	4	76	5	56	6	20	7	44	8	25	9	18	
	0	95	1	24	2	93	3	43	4	96	5	5	6	26	7	78	8	52	9	37	
	0	31	1	99	2	47	3	98	4	81	5	93	6	55	7	86	8	31	9	42	
	0	47	1	44	2	13	3	22	4	36	5	40	6	31	7	30	8	75	9	62	
	0	51	1	20	2	2	3	96	4	41	5	63	6	81	7	50	8	40	9	96	
	0	34	1	67	2	19	3	20	4	24	5	78	6	98	7	74	8	20	9	62	
	0	98	1	81	2	50	3	60	4	75	5	3	6	78	7	10	8	53	9	58	
	0	77	1	86	2	63	3	76	4	10	5	17	6	89	7	18	8	31	9	42	
	0	96	1	69	2	37	3	18	4	8	5	72	6	19	7	65	8	29	9	94	
	0	56	1	17	2	11	3	25	4	3	5	8	6	17	7	9	8	65	9	80	
	0	90	1	83	2	82	3	10	4	91	5	94	6	8	7	95	8	76	9	27	
	0	1	1	39	2	57	3	81	4	27	5	92	6	57	7	35	8	23	9	43	
	0	63	1	75	2	80	3	71	4	6	5	77	6	30	7	39	8	67	9	44	
	0	39	1	55	2	45	3	86	4	85	5	87	6	49	7	70	8	99	9	66	
	0	47	1	91	2	70	3	49	4	57	5	76	6	28	7	73	8	23	9	6	
	0	16	1	36	2	41	3	7	4	27	5	40	6	70	7	49	8	59	9	98	
	0	98	1	1	2	10	3	30	4	66	5	6	6	56	7	4	8	31	9	76	
	0	23	1	79	2	97	3	65	4	84	5	66	6	15	7	46	8	18	9	39	
	0	38	1	45	2	97	3	96	4	94	5	96	6	97	7	13	8	100	9	2	
	0	58	1	89	2	85	3	2	4	2	5	69	6	71	7	52	8	93	9	51	
	0	71	1	88	2	21	3	45	4	60	5	86	6	53	7	32	8	8	9	51	
	0	32	1	64	2	5	3	51	4	64	5	2	6	38	7	24	8	63	9	69	
	0	71	1	84	2	83	3	52	4	71	5	32	6	50	7	85	8	26	9	11	
	0	34	1	50	2	40	3	30	4	56	5	80	6	65	7	85	8	90	9	36	
	0	26	1	44	2	71	3	71	4	65	5	4	6	23	7	28	8	5	9	61	
	0	1	1	61	2	36	3	2	4	33	5	74	6	55	7	95	8	58	9	28	
	0	28	1	80	2	85	3	2	4	71	5	46	6	88	7	4	8	95	9	51	
	0	3	1	82	2	39	3	35	4	89	5	93	6	1	7	46	8	23	9	35	
	0	51	1	65	2	77	3	59	4	51	5	9	6	62	7	85	8	10	9	55	
	0	35	1	68	2	84	3	82	4	11	5	63	6	34	7	64	8	14	9	14	
	0	48	1	23	2	60	3	26	4	98	5	49	6	14	7	36	8	34	9	50	
	0	80	1	54	2	89	3	58	4	70	5	5	6	32	7	84	8	89	9	79	
	0	93	1	65	2	92	3	61	4	83	5	82	6	48	7	69	8	2	9	44	
	0	30	1	41	2	57	3	42	4	85	5	96	6	43	7	98	8	1	9	46	
	0	100	1	66	2	6	3	8	4	41	5	75	6	81	7	18	8	78	9	83	
	0	81	1	1	2	89	3	67	4	82	5	93	6	77	7	80	8	8	9	99	
	0	56	1	38	2	98	3	1	4	57	5	28	6	6	7	35	8	38	9	19	
	0	38	1	78	2	23	3	90	4	37	5	88	6	45	7	35	8	44	9	23	
	0	78	1	28	2	83	3	94	4	24	5	46	6	92	7	62	8	5	9	31	
	0	27	1	59	2	19	3	99	4	13	5	63	6	37	7	64	8	39	9	24	
	0	31	1	74	2	5	3	69	4	66	5	33	6	5	7	47	8	48	9	16	
	0	22	1	78	2	51	3	60	4	7	5	56	6	96	7	95	8	22	9	31	
	0	76	1	79	2	41	3	3	4	95	5	69	6	12	7	34	8	97	9	58	
	0	24	1	15	2	38	3	56	4	64	5	18	6	70	7	64	8	30	9	41	
	0	74	1	9	2	44	3	61	4	46	5	50	6	82	7	61	8	88	9	76	
	0	33	1	89	2	86	3	93	4	14	5	19	6	96	7	25	8	77	9	22	
	0	13	1	15	2	4	3	59	4	28	5	70	6	28	7	5	8	38	9	67	
	0	44	1	30	2	27	3	50	4	89	5	32	6	71	7	11	8	98	9	90	
	0	16	1	10	2	64	3	51	4	46	5	17	6	98	7	1	8	46	9	51	
	0	32	1	19	2	20	3	39	4	1	5	46	6	55	7	62	8	23	9	38	
	0	99	1	20	2	22	3	81	4	100	5	34	6	6	7	21	8	29	9	6	
	0	80	1	43	2	76	3	6	4	75	5	37	6	57	7	34	8	72	9	99	
	0	42	1	96	2	51	3	6	4	22	5	17	6	25	7	70	8	1	9	14	
	0	36	1	30	2	53	3	22	4	18	5	43	6	43	7	55	8	78	9	26	
	0	77	1	81	2	51	3	71	4	1	5	54	6	15	7	15	8	82	9	89	
	0	46	1	38	2	46	3	34	4	33	5	78	6	53	7	82	8	53	9	28	
	0	29	1	12	2	40	3	44	4	68	5	99	6	2	7	4	8	26	9	4	
	0	29	1	14	2	55	3	28	4	57	5	80	6	17	7	28	8	60	9	5	
	0	71	1	29	2	62	3	14	4	12	5	50	6	51	7	95	8	31	9	73	
	0	62	1	95	2	80	3	66	4	66	5	76	6	3	7	31	8	87	9	24	
	0	64	1	77	2	72	3	26	4	35	5	80	6	1	7	40	8	78	9	2	
	0	21	1	100	2	30	3	34	4	33	5	95	6	67	7	29	8	91	9	10	
	0	37	1	75	2	62	3	53	4	72	5	30	6	94	7	15	8	18	9	23	
	0	26	1	19	2	81	3	82	4	91	5	72	6	68	7	37	8	30	9	100	
	0	43	1	6	2	34	3	60	4	99	5	94	6	27	7	96	8	23	9	21	
	0	61	1	90	2	90	3	71	4	10	5	72	6	26	7	70	8	1	9	83	
	0	31	1	59	2	81	3	92	4	37	5	83	6	32	7	86	8	94	9	14	
	0	42	1	87	2	64	3	19	4	59	5	7	6	19	7	54	8	68	9	35	
	0	76	1	52	2	32	3	15	4	19	5	70	6	82	7	5	8	71	9	56	
	0	23	1	95	2	48	3	74	4	37	5	40	6	60	7	24	8	13	9	92	
	0	11	1	75	2	23	3	91	4	41	5	84	6	73	7	63	8	98	9	17	
	0	56	1	34	2	51	3	28	4	68	5	29	6	68	7	87	8	85	9	52	
	0	10	1	90	2	18	3	52	4	38	5	64	6	14	7	51	8	11	9	73	
	0	50	1	32	2	69	3	53	4	34	5	30	6	31	7	15	8	60	9	63	
	0	44	1	13	2	95	3	61	4	42	5	15	6	9	7	33	8	64	9	51	
	0	57	1	9	2	7	3	31	4	57	5	19	6	40	7	98	8	79	9	57	
	0	36	1	98	2	98	3	8	4	80	5	84	6	4	7	29	8	4	9	91	
	0	39	1	71	2	68	3	66	4	89	5	86	6	27	7	75	8	20	9	90	
	0	92	1	37	2	29	3	91	4	10	5	3	6	49	7	73	8	75	9	28	
	0	22	1	57	2	29	3	63	4	65	5	63	6	6	7	87	8	23	9	100	
	0	42	1	63	2	70	3	99	4	71	5	45	6	46	7	87	8	37	9	30	
	0	29	1	48	2	28	3	94	4	52	5	19	6	23	7	85	8	8	9	78	
	0	11	1	1	2	6	3	89	4	33	5	16	6	79	7	6	8	41	9	59	
	0	68	1	90	2	100	3	73	4	66	5	36	6	45	7	45	8	1	9	62	
	0	4	1	67	2	83	3	100	4	7	5	69	6	60	7	1	8	71	9	95	
	0	49	1	48	2	43	3	6	4	54	5	99	6	28	7	30	8	42	9	7	
	0	37	1	71	2	55	3	53	4	62	5	76	6	94	7	41	8	5	9	71	
	0	48	1	13	2	60	3	85	4	98	5	97	6	42	7	63	8	87	9	73	
	0	72	1	16	2	73	3	73	4	52	5	94	6	100	7	84	8	14	9	43	
	0	79	1	88	2	44	3	12	4	15	5	3	6	44	7	24	8	90	9	71	
	0	96	1	27	2	41	3	48	4	21	5	82	6	67	7	99	8	37	9	96	
	0	6	1	19	2	28	3	80	4	83	5	48	6	54	7	18	8	26	9	31	
	0	64	1	60	2	68	3	96	4	88	5	97	6	74	7	77	8	54	9	5	
	0	99	1	1	2	65	3	84	4	98	5	17	6	56	7	25	8	29	9	42	
	0	15	1	47	2	2	3	18	4	10	5	39	6	92	7	97	8	68	9	1	
	0	14	1	62	2	16	3	45	4	32	5	100	6	25	7	35	8	99	9	67	
	0	9	1	90	2	80	3	82	4	25	5	86	6	33	7	74	8	55	9	18	
	0	68	1	75	2	9	3	96	4	85	5	23	6	82	7	80	8	63	9	61	
	0	99	1	24	2	90	3	35	4	28	5	75	6	96	7	99	8	44	9	29	
	0	25	1	88	2	63	3	97	4	62	5	41	6	24	7	42	8	91	9	72	
	0	84	1	48	2	9	3	69	4	38	5	17	6	16	7	42	8	72	9	89	
	0	32	1	27	2	39	3	86	4	75	5	15	6	75	7	76	8	67	9	73	
	0	1	1	56	2	78	3	49	4	6	5	37	6	28	7	15	8	49	9	4	
	0	48	1	59	2	66	3	85	4	16	5	4	6	12	7	35	8	2	9	79	
	0	100	1	65	2	72	3	23	4	7	5	100	6	73	7	25	8	1	9	1	
	0	69	1	18	2	80	3	87	4	60	5	2	6	97	7	58	8	10	9	2	
	0	10	1	27	2	24	3	55	4	89	5	60	6	87	7	76	8	65	9	60	
	0	61	1	65	2	35	3	60	4	26	5	65	6	28	7	37	8	36	9	91	
	0	86	1	3	2	11	3	23	4	88	5	19	6	44	7	75	8	24	9	60	
	0	97	1	57	2	80	3	28	4	71	5	91	6	5	7	81	8	84	9	14	
	0	29	1	36	2	16	3	41	4	72	5	2	6	67	7	90	8	57	9	78	
	0	55	1	39	2	94	3	20	4	49	5	55	6	62	7	8	8	19	9	56	
	0	75	1	91	2	49	3	28	4	26	5	58	6	100	7	76	8	63	9	48	
	0	63	1	45	2	81	3	98	4	79	5	51	6	70	7	63	8	26	9	17	
	0	76	1	7	2	64	3	70	4	94	5	9	6	41	7	74	8	14	9	56	
	0	95	1	92	2	99	3	39	4	4	5	48	6	14	7	46	8	53	9	18	
	0	45	1	53	2	71	3	98	4	21	5	71	6	53	7	63	8	83	9	76	
	0	27	1	46	2	35	3	55	4	42	5	16	6	20	7	23	8	50	9	28	
	0	3	1	62	2	69	3	12	4	46	5	36	6	56	7	36	8	73	9	83	
	0	53	1	81	2	81	3	64	4	92	5	11	6	29	7	46	8	7	9	73	
	0	86	1	51	2	7	3	62	4	78	5	86	6	68	7	65	8	90	9	4	
	0	17	1	34	2	74	3	12	4	44	5	40	6	6	7	23	8	89	9	76	
	0	54	1	38	2	55	3	96	4	66	5	5	6	87	7	94	8	52	9	68	
	0	6	1	24	2	96	3	17	4	93	5	96	6	62	7	1	8	72	9	100	
	0	75	1	18	2	52	3	3	4	26	5	39	6	6	7	96	8	54	9	22	
	0	54	1	1	2	94	3	18	4	29	5	53	6	40	7	68	8	11	9	58	
	0	39	1	8	2	24	3	1	4	95	5	98	6	10	7	40	8	7	9	16	
	0	100	1	74	2	71	3	100	4	2	5	32	6	72	7	26	8	58	9	40	
	0	14	1	6	2	59	3	54	4	21	5	56	6	21	7	50	8	3	9	29	
	0	53	1	88	2	73	3	71	4	70	5	68	6	41	7	38	8	25	9	58	
	0	77	1	50	2	53	3	67	4	23	5	25	6	12	7	99	8	4	9	29	
	0	15	1	35	2	74	3	95	4	29	5	3	6	70	7	99	8	32	9	24	
	0	24	1	84	2	16	3	10	4	23	5	61	6	48	7	45	8	41	9	9	
	0	22	1	11	2	15	3	24	4	19	5	15	6	57	7	39	8	25	9	26	
	0	86	1	86	2	51	3	86	4	11	5	94	6	99	7	32	8	86	9	8	
	0	98	1	42	2	17	3	89	4	16	5	11	6	37	7	21	8	10	9	7	
	0	87	1	40	2	74	3	70	4	94	5	29	6	55	7	42	8	55	9	56	
	0	90	1	92	2	1	3	42	4	4	5	13	6	71	7	97	8	18	9	94	
	0	93	1	67	2	91	3	66	4	56	5	77	6	10	7	100	8	51	9	31	
	0	4	1	59	2	39	3	13	4	32	5	59	6	29	7	26	8	18	9	95	
	0	35	1	54	2	34	3	70	4	42	5	83	6	40	7	15	8	72	9	93	
	0	85	1	71	2	82	3	67	4	35	5	26	6	64	7	82	8	69	9	14	
	0	4	1	40	2	30	3	33	4	97	5	29	6	69	7	15	8	49	9	18	
	0	63	1	39	2	47	3	76	4	1	5	94	6	32	7	65	8	81	9	34	
	0	48	1	50	2	4	3	18	4	38	5	80	6	74	7	31	8	57	9	29	
	0	5	1	90	2	1	3	40	4	67	5	17	6	25	7	97	8	92	9	81	
	0	78	1	38	2	9	3	62	4	50	5	22	6	16	7	34	8	60	9	99	
	0	20	1	76	2	61	3	65	4	12	5	8	6	89	7	19	8	28	9	81	
	0	79	1	86	2	99	3	51	4	33	5	90	6	17	7	47	8	72	9	91	
	0	58	1	45	2	96	3	69	4	100	5	72	6	52	7	15	8	54	9	78	
	0	30	1	98	2	69	3	58	4	79	5	76	6	32	7	51	8	58	9	76	
	0	24	1	55	2	58	3	38	4	95	5	22	6	65	7	18	8	31	9	90	
	0	76	1	85	2	49	3	67	4	22	5	88	6	19	7	20	8	62	9	85	
	0	36	1	12	2	93	3	26	4	92	5	60	6	36	7	33	8	45	9	66	
	0	26	1	62	2	40	3	27	4	34	5	59	6	80	7	66	8	65	9	33	
	0	80	1	39	2	91	3	37	4	68	5	88	6	69	7	30	8	4	9	63	
	0	74	1	3	2	29	3	34	4	30	5	46	6	13	7	89	8	89	9	58	
	0	37	1	41	2	81	3	18	4	58	5	27	6	36	7	22	8	38	9	47	
	0	36	1	19	2	33	3	94	4	28	5	33	6	80	7	59	8	40	9	16	
	0	61	1	93	2	74	3	49	4	33	5	3	6	5	7	82	8	60	9	7	
	0	55	1	57	2	19	3	93	4	26	5	67	6	80	7	4	8	99	9	52	
	0	38	1	57	2	27	3	67	4	62	5	51	6	71	7	3	8	79	9	52	
	0	56	1	86	2	80	3	22	4	33	5	11	6	5	7	72	8	9	9	75	
	0	100	1	28	2	13	3	76	4	21	5	85	6	78	7	65	8	72	9	21	
	0	11	1	99	2	47	3	60	4	22	5	62	6	56	7	98	8	69	9	97	
	0	49	1	7	2	89	3	11	4	51	5	14	6	15	7	13	8	32	9	99	
	0	35	1	8	2	87	3	13	4	71	5	29	6	55	7	89	8	28	9	10	
	0	91	1	56	2	64	3	37	4	25	5	89	6	4	7	99	8	21	9	86	
	0	88	1	61	2	1	3	93	4	42	5	71	6	91	7	36	8	28	9	55	
	0	95	1	2	2	3	3	74	4	11	5	41	6	41	7	90	8	57	9	33	
	0	42	1	63	2	65	3	39	4	90	5	8	6	49	7	63	8	62	9	15	
	0	77	1	88	2	46	3	93	4	63	5	9	6	24	7	23	8	52	9	65	
	0	88	1	97	2	13	3	97	4	89	5	57	6	70	7	46	8	63	9	65	
	0	45	1	86	2	1	3	99	4	50	5	83	6	29	7	98	8	62	9	83	
	0	64	1	69	2	6	3	76	4	10	5	60	6	80	7	52	8	99	9	23	
	0	94	1	29	2	68	3	11	4	2	5	62	6	20	7	100	8	18	9	94	
	0	53	1	61	2	52	3	43	4	24	5	80	6	30	7	16	8	2	9	61	
	0	57	1	4	2	77	3	18	4	83	5	9	6	72	7	45	8	15	9	84	
	0	79	1	38	2	65	3	92	4	22	5	9	6	99	7	99	8	44	9	16	
	0	16	1	98	2	48	3	73	4	40	5	88	6	45	7	86	8	45	9	49	
	0	56	1	75	2	37	3	6	4	2	5	93	6	12	7	33	8	40	9	6	
	0	93	1	95	2	3	3	20	4	8	5	13	6	100	7	99	8	96	9	19	
	0	19	1	56	2	40	3	82	4	58	5	11	6	20	7	18	8	89	9	66	
	0	34	1	92	2	18	3	98	4	98	5	25	6	51	7	95	8	52	9	58	
	0	6	1	70	2	57	3	36	4	51	5	15	6	49	7	78	8	9	9	25	
	0	3	1	67	2	7	3	68	4	42	5	66	6	93	7	70	8	61	9	28	
	0	44	1	27	2	35	3	11	4	74	5	40	6	13	7	21	8	43	9	12	
	0	89	1	49	2	26	3	68	4	79	5	84	6	57	7	24	8	63	9	81	
	0	85	1	71	2	22	3	77	4	12	5	50	6	30	7	49	8	80	9	58	
	0	14	1	22	2	81	3	70	4	46	5	87	6	52	7	12	8	9	9	39	
	0	51	1	91	2	97	3	30	4	41	5	38	6	8	7	22	8	75	9	78	
	0	49	1	18	2	20	3	1	4	85	5	75	6	99	7	47	8	84	9	24	
	0	51	1	83	2	11	3	80	4	45	5	3	6	9	7	4	8	18	9	13	
	0	63	1	74	2	55	3	8	4	61	5	100	6	86	7	95	8	75	9	78	
	0	81	1	78	2	56	3	35	4	91	5	20	6	11	7	100	8	20	9	70	
	0	56	1	39	2	83	3	52	4	85	5	51	6	51	7	33	8	46	9	97	
	0	57	1	73	2	94	3	87	4	94	5	16	6	69	7	1	8	9	9	11	
	0	24	1	8	2	69	3	79	4	69	5	78	6	72	7	22	8	28	9	61	
	0	31	1	60	2	57	3	38	4	98	5	31	6	11	7	50	8	32	9	64	
	0	74	1	87	2	50	3	59	4	55	5	56	6	85	7	35	8	74	9	31	
	0	30	1	42	2	48	3	85	4	9	5	26	6	70	7	1	8	85	9	44	
	0	69	1	97	2	91	3	8	4	9	5	40	6	34	7	95	8	82	9	25	
	0	92	1	65	2	66	3	54	4	64	5	39	6	41	7	87	8	92	9	4	
	0	25	1	7	2	41	3	100	4	23	5	87	6	29	7	74	8	84	9	42	
	0	69	1	31	2	73	3	96	4	17	5	84	6	2	7	10	8	94	9	8	
	0	37	1	4	2	39	3	80	4	84	5	66	6	75	7	80	8	44	9	59	
	0	98	1	3	2	25	3	40	4	66	5	13	6	19	7	49	8	50	9	89	
	0	51	1	81	2	72	3	29	4	8	5	18	6	29	7	56	8	14	9	68	
	0	94	1	98	2	37	3	32	4	96	5	20	6	81	7	39	8	39	9	40	
	0	9	1	81	2	88	3	38	4	1	5	88	6	98	7	85	8	15	9	8	
	0	76	1	3	2	3	3	40	4	38	5	63	6	15	7	48	8	82	9	49	
	0	23	1	22	2	38	3	41	4	32	5	92	6	35	7	98	8	4	9	56	
	0	40	1	90	2	51	3	80	4	81	5	34	6	93	7	85	8	3	9	60	
	0	72	1	6	2	15	3	13	4	8	5	93	6	43	7	86	8	61	9	69	
	0	97	1	10	2	50	3	16	4	66	5	65	6	41	7	89	8	74	9	49	
	0	71	1	15	2	95	3	26	4	18	5	100	6	27	7	25	8	16	9	44	
	0	7	1	14	2	68	3	50	4	94	5	90	6	37	7	33	8	4	9	48	
	0	63	1	97	2	85	3	20	4	91	5	89	6	62	7	38	8	13	9	97	
	0	71	1	78	2	61	3	77	4	22	5	84	6	71	7	37	8	4	9	79	
	0	96	1	41	2	77	3	7	4	47	5	12	6	50	7	19	8	12	9	52	
	0	52	1	11	2	28	3	76	4	16	5	87	6	54	7	87	8	11	9	92	
	0	51	1	70	2	71	3	100	4	1	5	17	6	39	7	76	8	5	9	36	
	0	16	1	56	2	67	3	7	4	13	5	75	6	67	7	53	8	19	9	4	
	0	35	1	6	2	46	3	13	4	13	5	67	6	67	7	54	8	23	9	99	
	0	72	1	80	2	68	3	76	4	89	5	68	6	93	7	2	8	57	9	82	
	0	29	1	60	2	60	3	82	4	39	5	28	6	24	7	18	8	79	9	23	
	0	44	1	16	2	24	3	26	4	24	5	96	6	37	7	25	8	37	9	57	
	0	10	1	56	2	12	3	16	4	2	5	37	6	66	7	41	8	87	9	19	
	0	100	1	10	2	2	3	85	4	80	5	48	6	98	7	74	8	96	9	84	
	0	36	1	97	2	2	3	32	4	97	5	29	6	1	7	14	8	32	9	7	
	0	88	1	94	2	62	3	85	4	89	5	93	6	80	7	47	8	94	9	20	
	0	16	1	9	2	92	3	76	4	17	5	71	6	100	7	100	8	5	9	2	
	0	31	1	98	2	56	3	36	4	76	5	35	6	15	7	3	8	22	9	69	
	0	95	1	11	2	81	3	38	4	61	5	25	6	15	7	39	8	71	9	45	
	0	72	1	40	2	57	3	84	4	49	5	36	6	53	7	43	8	35	9	78	
	0	36	1	47	2	48	3	82	4	39	5	14	6	64	7	57	8	71	9	28	
	0	33	1	71	2	9	3	55	4	59	5	19	6	69	7	73	8	36	9	62	
	0	46	1	3	2	85	3	90	4	48	5	28	6	100	7	47	8	62	9	4	
	0	86	1	11	2	19	3	59	4	2	5	33	6	100	7	2	8	59	9	68	
	0	71	1	20	2	80	3	26	4	83	5	42	6	72	7	49	8	48	9	17	
	0	29	1	59	2	78	3	46	4	1	5	18	6	10	7	64	8	3	9	27	
	0	73	1	66	2	68	3	14	4	70	5	52	6	4	7	36	8	19	9	96	
	0	48	1	69	2	36	3	70	4	78	5	9	6	12	7	49	8	97	9	55	
	0	32	1	53	2	51	3	80	4	42	5	17	6	55	7	71	8	55	9	53	
	0	52	1	93	2	1	3	14	4	62	5	28	6	69	7	91	8	63	9	21	
	0	37	1	1	2	9	3	27	4	37	5	95	6	26	7	92	8	88	9	14	
	0	49	1	74	2	42	3	100	4	89	5	10	6	70	7	72	8	92	9	85	
	0	79	1	83	2	74	3	1	4	47	5	59	6	48	7	5	8	71	9	44	
	0	4	1	25	2	25	3	23	4	35	5	15	6	88	7	3	8	78	9	78	
	0	56	1	51	2	82	3	97	4	86	5	91	6	39	7	42	8	47	9	31	
	0	48	1	33	2	97	3	58	4	9	5	11	6	70	7	65	8	29	9	80	
	0	90	1	15	2	8	3	89	4	51	5	64	6	5	7	100	8	44	9	42	
	0	14	1	33	2	55	3	52	4	41	5	5	6	88	7	14	8	21	9	22	
	0	48	1	11	2	98	3	91	4	71	5	90	6	94	7	64	8	50	9	48	
	0	74	1	45	2	44	3	99	4	57	5	59	6	28	7	8	8	28	9	24	
	0	41	1	31	2	56	3	72	4	50	5	55	6	49	7	45	8	48	9	25	
	0	75	1	52	2	46	3	51	4	79	5	66	6	7	7	6	8	19	9	62	
	0	8	1	77	2	91	3	46	4	23	5	13	6	37	7	85	8	43	9	29	
	0	96	1	39	2	90	3	75	4	6	5	91	6	12	7	94	8	91	9	70	
	0	34	1	16	2	90	3	38	4	80	5	67	6	43	7	75	8	67	9	87	
	0	42	1	78	2	83	3	87	4	52	5	44	6	73	7	57	8	11	9	93	
	0	25	1	89	2	45	3	42	4	32	5	14	6	70	7	14	8	33	9	20	
	0	99	1	64	2	62	3	54	4	72	5	10	6	22	7	88	8	21	9	49	
	0	49	1	17	2	78	3	69	4	60	5	70	6	56	7	61	8	59	9	39	
	0	67	1	89	2	97	3	96	4	82	5	100	6	80	7	44	8	38	9	25	
	0	42	1	14	2	56	3	2	4	96	5	24	6	39	7	94	8	89	9	13	
	0	34	1	37	2	22	3	4	4	90	5	65	6	58	7	75	8	79	9	13	
	0	45	1	82	2	94	3	19	4	72	5	56	6	20	7	34	8	12	9	73	
	0	17	1	59	2	42	3	46	4	31	5	28	6	99	7	98	8	6	9	92	
	0	40	1	42	2	1	3	78	4	27	5	15	6	12	7	56	8	13	9	97	
	0	3	1	31	2	79	3	68	4	54	5	17	6	16	7	43	8	38	9	44	
	0	33	1	68	2	71	3	10	4	74	5	38	6	12	7	91	8	97	9	48	
	0	1	1	70	2	56	3	67	4	92	5	25	6	94	7	91	8	64	9	8	
	0	70	1	24	2	2	3	52	4	73	5	27	6	69	7	1	8	68	9	64	
	0	77	1	37	2	15	3	18	4	13	5	53	6	29	7	54	8	30	9	11	
	0	40	1	85	2	16	3	54	4	64	5	73	6	53	7	97	8	76	9	20	
	0	56	1	31	2	80	3	16	4	8	5	63	6	79	7	35	8	74	9	61	
	0	21	1	67	2	81	3	53	4	2	5	95	6	81	7	64	8	91	9	28	
	0	26	1	83	2	29	3	6	4	84	5	35	6	76	7	27	8	88	9	71	
	0	29	1	82	2	50	3	79	4	4	5	2	6	7	7	69	8	1	9	66	
	0	97	1	52	2	18	3	33	4	61	5	89	6	66	7	75	8	61	9	4	
	0	45	1	74	2	64	3	11	4	49	5	67	6	55	7	84	8	57	9	97	
	0	46	1	54	2	32	3	65	4	64	5	90	6	53	7	45	8	97	9	90	
	0	71	1	22	2	66	3	69	4	52	5	77	6	18	7	17	8	55	9	13	
	0	47	1	23	2	42	3	31	4	35	5	61	6	6	7	32	8	91	9	75	
	0	94	1	76	2	47	3	55	4	99	5	100	6	88	7	10	8	16	9	85	
	0	62	1	97	2	88	3	97	4	65	5	86	6	81	7	99	8	76	9	12	
	0	100	1	38	2	25	3	66	4	47	5	48	6	100	7	10	8	21	9	85	
	0	55	1	99	2	32	3	39	4	67	5	17	6	13	7	16	8	13	9	77	
	0	55	1	55	2	88	3	50	4	42	5	53	6	94	7	58	8	48	9	48	
	0	74	1	15	2	67	3	30	4	98	5	77	6	27	7	91	8	91	9	52	
	0	41	1	9	2	79	3	68	4	26	5	38	6	17	7	21	8	73	9	53	
	0	15	1	10	2	37	3	62	4	93	5	74	6	95	7	38	8	22	9	21	
	0	18	1	22	2	89	3	5	4	22	5	73	6	11	7	48	8	47	9	98	
	0	31	1	23	2	92	3	17	4	63	5	54	6	72	7	49	8	66	9	43	
	0	53	1	15	2	83	3	21	4	35	5	98	6	9	7	72	8	84	9	14	
	0	72	1	71	2	70	3	47	4	85	5	71	6	27	7	59	8	38	9	87	
	0	29	1	16	2	25	3	2	4	97	5	5	6	67	7	36	8	15	9	1	
	0	85	1	14	2	79	3	66	4	15	5	93	6	75	7	15	8	30	9	46	
	0	49	1	11	2	32	3	7	4	57	5	71	6	13	7	16	8	8	9	99	
	0	13	1	15	2	88	3	6	4	65	5	90	6	4	7	61	8	28	9	16	
	0	14	1	41	2	63	3	66	4	60	5	73	6	89	7	12	8	93	9	86	
	0	38	1	33	2	74	3	22	4	34	5	59	6	62	7	12	8	90	9	29	
	0	58	1	30	2	70	3	42	4	25	5	67	6	58	7	43	8	68	9	44	
	0	60	1	89	2	98	3	5	4	88	5	12	6	92	7	41	8	40	9	77	
	0	84	1	14	2	73	3	19	4	3	5	7	6	42	7	10	8	25	9	8	
	0	68	1	97	2	49	3	4	4	27	5	13	6	87	7	51	8	21	9	95	
	0	91	1	16	2	5	3	67	4	82	5	22	6	72	7	56	8	27	9	38	
	0	96	1	8	2	28	3	91	4	80	5	64	6	72	7	78	8	88	9	24	
	0	39	1	6	2	42	3	69	4	93	5	49	6	35	7	45	8	51	9	6	
	0	38	1	49	2	15	3	47	4	38	5	10	6	19	7	47	8	90	9	1	
	0	85	1	75	2	45	3	41	4	42	5	53	6	15	7	35	8	17	9	2	
	0	53	1	57	2	31	3	91	4	89	5	61	6	10	7	17	8	66	9	12	
	0	67	1	65	2	96	3	23	4	25	5	73	6	35	7	26	8	3	9	60	
	0	34	1	80	2	14	3	18	4	59	5	55	6	61	7	37	8	30	9	33	
	0	38	1	49	2	79	3	69	4	30	5	66	6	45	7	16	8	80	9	71	
	0	21	1	99	2	26	3	51	4	32	5	37	6	73	7	36	8	100	9	67	
	0	77	1	29	2	66	3	84	4	30	5	97	6	30	7	100	8	53	9	26	
	0	72	1	53	2	98	3	93	4	12	5	40	6	71	7	39	8	73	9	10	
	0	14	1	88	2	58	3	43	4	81	5	96	6	93	7	76	8	75	9	94	
	0	54	1	41	2	70	3	91	4	16	5	18	6	40	7	65	8	23	9	55	
	0	7	1	41	2	86	3	92	4	91	5	46	6	99	7	14	8	90	9	22	
	0	22	1	68	2	70	3	56	4	23	5	22	6	51	7	4	8	84	9	36	
	0	7	1	9	2	23	3	24	4	13	5	97	6	25	7	57	8	74	9	46	
	0	97	1	80	2	3	3	44	4	83	5	49	6	59	7	30	8	16	9	100	
	0	44	1	59	2	55	3	6	4	71	5	91	6	75	7	18	8	77	9	44	
	0	9	1	40	2	21	3	19	4	1	5	41	6	19	7	11	8	60	9	14	
	0	30	1	27	2	87	3	59	4	59	5	21	6	37	7	65	8	64	9	47	
	0	24	1	24	2	68	3	43	4	34	5	91	6	56	7	52	8	22	9	1	
	0	58	1	83	2	44	3	8	4	49	5	4	6	51	7	90	8	86	9	61	
	0	94	1	20	2	26	3	45	4	64	5	72	6	70	7	27	8	25	9	15	
	0	36	1	2	2	25	3	3	4	27	5	41	6	28	7	91	8	26	9	24	
	0	56	1	1	2	86	3	94	4	80	5	25	6	91	7	50	8	25	9	92	
	0	29	1	56	2	19	3	20	4	32	5	65	6	77	7	19	8	97	9	11	
	0	38	1	76	2	88	3	31	4	13	5	49	6	44	7	22	8	72	9	27	
	0	90	1	79	2	33	3	37	4	26	5	15	6	82	7	11	8	22	9	63	
	0	7	1	83	2	81	3	63	4	30	5	21	6	97	7	56	8	3	9	77	
	0	18	1	4	2	78	3	95	4	60	5	70	6	83	7	86	8	67	9	96	
	0	96	1	23	2	38	3	89	4	73	5	44	6	21	7	24	8	53	9	13	
	0	4	1	68	2	85	3	75	4	21	5	66	6	32	7	12	8	1	9	65	
	0	87	1	48	2	89	3	50	4	78	5	13	6	8	7	86	8	62	9	35	
	0	65	1	89	2	5	3	98	4	27	5	93	6	97	7	68	8	11	9	8	
	0	46	1	84	2	7	3	9	4	64	5	73	6	62	7	70	8	25	9	33	
	0	64	1	71	2	87	3	41	4	84	5	25	6	17	7	6	8	8	9	37	
	0	17	1	26	2	29	3	89	4	79	5	73	6	33	7	21	8	24	9	83	
	0	77	1	68	2	57	3	75	4	33	5	70	6	51	7	31	8	31	9	46	
	0	16	1	15	2	30	3	41	4	21	5	4	6	29	7	65	8	44	9	33	
	0	60	1	65	2	29	3	76	4	24	5	30	6	41	7	3	8	40	9	31	
	0	10	1	43	2	87	3	58	4	18	5	27	6	96	7	90	8	41	9	62	
	0	56	1	10	2	94	3	26	4	95	5	92	6	84	7	29	8	88	9	87	
	0	7	1	86	2	51	3	55	4	83	5	46	6	17	7	46	8	71	9	33	
	0	55	1	36	2	15	3	3	4	20	5	48	6	40	7	83	8	17	9	62	
	0	28	1	47	2	86	3	55	4	91	5	35	6	63	7	71	8	72	9	21	
	0	16	1	98	2	46	3	2	4	47	5	22	6	56	7	2	8	5	9	16	
	0	47	1	82	2	84	3	15	4	87	5	27	6	52	7	46	8	32	9	28	
	0	76	1	34	2	92	3	4	4	24	5	55	6	6	7	74	8	70	9	4	
	0	37	1	74	2	49	3	71	4	68	5	9	6	30	7	20	8	30	9	66	
	0	98	1	13	2	87	3	43	4	62	5	94	6	34	7	11	8	7	9	66	
	0	77	1	13	2	53	3	30	4	79	5	79	6	99	7	36	8	28	9	26	
	0	3	1	69	2	80	3	69	4	12	5	45	6	10	7	70	8	46	9	39	
	0	31	1	68	2	87	3	7	4	4	5	7	6	72	7	71	8	65	9	86	
	0	38	1	78	2	100	3	7	4	8	5	14	6	18	7	14	8	34	9	66	
	0	93	1	8	2	96	3	80	4	91	5	83	6	24	7	44	8	83	9	54	
	0	73	1	8	2	82	3	89	4	37	5	40	6	37	7	23	8	36	9	11	
	0	66	1	14	2	45	3	49	4	77	5	82	6	32	7	97	8	22	9	71	
	0	73	1	87	2	56	3	35	4	91	5	2	6	28	7	10	8	2	9	72	
	0	84	1	36	2	12	3	90	4	35	5	6	6	27	7	59	8	75	9	63	
	0	28	1	94	2	99	3	78	4	47	5	100	6	23	7	21	8	43	9	80	
	0	46	1	4	2	93	3	9	4	62	5	28	6	49	7	18	8	86	9	7	
	0	89	1	21	2	57	3	84	4	95	5	39	6	19	7	18	8	10	9	61	
	0	2	1	22	2	17	3	3	4	79	5	82	6	40	7	25	8	59	9	12	
	0	52	1	79	2	78	3	51	4	21	5	15	6	47	7	42	8	98	9	83	
	0	41	1	31	2	14	3	24	4	9	5	100	6	10	7	93	8	12	9	88	
	0	80	1	37	2	54	3	100	4	35	5	100	6	82	7	6	8	89	9	66	
	0	29	1	76	2	18	3	94	4	14	5	74	6	50	7	82	8	70	9	98	
	0	62	1	32	2	17	3	24	4	63	5	92	6	41	7	93	8	5	9	89	
	0	36	1	18	2	56	3	63	4	86	5	30	6	26	7	27	8	25	9	98	
	0	29	1	51	2	96	3	9	4	38	5	60	6	6	7	19	8	47	9	72	
	0	68	1	87	2	33	3	18	4	7	5	28	6	67	7	18	8	33	9	58	
	0	96	1	95	2	62	3	62	4	7	5	55	6	2	7	64	8	58	9	29	
	0	22	1	86	2	36	3	78	4	57	5	22	6	5	7	98	8	10	9	69	
	0	60	1	87	2	72	3	26	4	91	5	9	6	53	7	37	8	67	9	57	
	0	64	1	25	2	15	3	83	4	54	5	58	6	16	7	22	8	4	9	97	
	0	79	1	90	2	87	3	82	4	59	5	41	6	64	7	47	8	73	9	80	
	0	55	1	19	2	82	3	95	4	19	5	30	6	48	7	68	8	25	9	9	
	0	65	1	25	2	71	3	22	4	9	5	56	6	72	7	33	8	24	9	23	
	0	78	1	6	2	77	3	53	4	83	5	82	6	33	7	75	8	84	9	33	
	0	71	1	14	2	51	3	51	4	100	5	2	6	17	7	88	8	32	9	29	
	0	14	1	83	2	53	3	26	4	38	5	74	6	24	7	27	8	96	9	63	
	0	14	1	18	2	76	3	70	4	87	5	71	6	70	7	82	8	39	9	89	
	0	50	1	16	2	91	3	28	4	84	5	16	6	99	7	18	8	54	9	59	
	0	70	1	74	2	36	3	14	4	62	5	88	6	48	7	40	8	42	9	100	
	0	34	1	75	2	26	3	99	4	88	5	93	6	19	7	4	8	32	9	39	
	0	92	1	49	2	66	3	19	4	61	5	37	6	89	7	78	8	14	9	66	
	0	13	1	80	2	60	3	92	4	19	5	92	6	8	7	88	8	50	9	45	
	0	61	1	83	2	83	3	55	4	13	5	35	6	28	7	89	8	43	9	12	
	0	17	1	23	2	96	3	21	4	35	5	83	6	93	7	54	8	50	9	68	
	0	73	1	27	2	83	3	71	4	52	5	94	6	79	7	84	8	40	9	33	
	0	68	1	49	2	63	3	84	4	18	5	38	6	22	7	13	8	92	9	95	
	0	33	1	75	2	69	3	43	4	64	5	20	6	54	7	87	8	82	9	19	
	0	12	1	92	2	53	3	75	4	11	5	63	6	16	7	66	8	41	9	33	
	0	5	1	32	2	69	3	75	4	89	5	18	6	23	7	96	8	29	9	93	
	0	18	1	2	2	99	3	52	4	21	5	7	6	100	7	79	8	79	9	72	
	0	58	1	96	2	33	3	45	4	65	5	56	6	26	7	96	8	6	9	6	
	0	40	1	49	2	43	3	7	4	94	5	59	6	95	7	62	8	98	9	33	
	0	31	1	4	2	52	3	64	4	90	5	8	6	44	7	92	8	54	9	13	
	0	5	1	81	2	56	3	28	4	75	5	39	6	50	7	57	8	36	9	3	
	0	87	1	35	2	23	3	59	4	19	5	28	6	38	7	58	8	17	9	4	
	0	87	1	9	2	60	3	97	4	54	5	33	6	22	7	43	8	77	9	4	
	0	96	1	58	2	73	3	95	4	79	5	9	6	9	7	82	8	67	9	67	
	0	93	1	24	2	35	3	65	4	92	5	39	6	28	7	14	8	39	9	36	
	0	71	1	44	2	94	3	24	4	91	5	8	6	82	7	58	8	79	9	73	