200 30 1
30
	0	40	1	33	2	81	3	45	4	87	5	99	6	24	7	23	8	61	9	80	10	6	11	24	12	82	13	100	14	16	15	22	16	70	17	45	18	99	19	13	20	40	21	22	22	88	23	38	24	65	25	38	26	81	27	21	28	17	29	26	
	0	65	1	3	2	30	3	25	4	29	5	85	6	74	7	33	8	79	9	84	10	6	11	56	12	44	13	46	14	17	15	83	16	75	17	55	18	21	19	4	20	85	21	69	22	87	23	19	24	52	25	78	26	98	27	5	28	12	29	19	
	0	90	1	100	2	40	3	23	4	48	5	87	6	54	7	30	8	93	9	98	10	54	11	8	12	49	13	12	14	49	15	30	16	5	17	25	18	63	19	74	20	28	21	95	22	46	23	64	24	3	25	52	26	10	27	74	28	52	29	97	
	0	51	1	50	2	30	3	99	4	74	5	79	6	72	7	11	8	29	9	56	10	11	11	18	12	53	13	93	14	86	15	38	16	37	17	56	18	93	19	83	20	8	21	21	22	82	23	13	24	31	25	31	26	65	27	23	28	3	29	18	
	0	5	1	79	2	87	3	73	4	8	5	72	6	67	7	24	8	64	9	25	10	69	11	20	12	89	13	92	14	15	15	48	16	21	17	67	18	66	19	64	20	6	21	4	22	2	23	94	24	47	25	36	26	68	27	92	28	40	29	93	
	0	61	1	1	2	91	3	53	4	80	5	76	6	45	7	7	8	3	9	58	10	94	11	62	12	82	13	69	14	23	15	20	16	46	17	33	18	10	19	20	20	34	21	87	22	84	23	81	24	93	25	22	26	19	27	87	28	20	29	29	
	0	37	1	9	2	57	3	60	4	73	5	100	6	12	7	95	8	97	9	91	10	18	11	61	12	94	13	44	14	45	15	7	16	1	17	31	18	21	19	99	20	22	21	59	22	25	23	100	24	31	25	21	26	81	27	68	28	14	29	82	
	0	75	1	34	2	64	3	73	4	23	5	59	6	59	7	13	8	30	9	67	10	47	11	64	12	32	13	33	14	10	15	80	16	62	17	2	18	10	19	49	20	3	21	92	22	24	23	94	24	62	25	8	26	38	27	45	28	65	29	6	
	0	24	1	56	2	33	3	37	4	56	5	17	6	23	7	62	8	6	9	2	10	43	11	83	12	36	13	7	14	100	15	9	16	99	17	86	18	28	19	87	20	58	21	49	22	2	23	30	24	79	25	11	26	33	27	53	28	5	29	12	
	0	83	1	38	2	54	3	7	4	79	5	40	6	70	7	2	8	89	9	92	10	84	11	45	12	57	13	87	14	56	15	16	16	28	17	38	18	50	19	7	20	75	21	61	22	95	23	20	24	12	25	14	26	81	27	79	28	75	29	61	
	0	86	1	55	2	13	3	85	4	50	5	30	6	53	7	2	8	58	9	35	10	1	11	35	12	15	13	4	14	16	15	92	16	78	17	6	18	34	19	44	20	14	21	13	22	83	23	48	24	79	25	41	26	70	27	60	28	50	29	19	
	0	51	1	96	2	31	3	58	4	68	5	19	6	74	7	5	8	62	9	40	10	35	11	37	12	94	13	61	14	45	15	53	16	38	17	21	18	95	19	66	20	55	21	83	22	3	23	50	24	74	25	81	26	19	27	41	28	36	29	55	
	0	92	1	42	2	17	3	76	4	1	5	96	6	97	7	16	8	49	9	92	10	26	11	48	12	99	13	68	14	46	15	11	16	48	17	46	18	54	19	2	20	51	21	79	22	39	23	90	24	61	25	20	26	41	27	7	28	10	29	55	
	0	34	1	88	2	100	3	15	4	74	5	79	6	51	7	45	8	78	9	95	10	83	11	75	12	25	13	8	14	27	15	99	16	3	17	49	18	79	19	73	20	29	21	39	22	73	23	54	24	54	25	90	26	28	27	57	28	50	29	62	
	0	77	1	12	2	28	3	60	4	11	5	48	6	89	7	56	8	58	9	26	10	32	11	45	12	21	13	54	14	84	15	20	16	38	17	54	18	35	19	62	20	82	21	40	22	53	23	49	24	10	25	66	26	36	27	15	28	100	29	35	
	0	72	1	78	2	24	3	39	4	94	5	12	6	36	7	95	8	83	9	7	10	70	11	19	12	59	13	18	14	21	15	1	16	95	17	46	18	70	19	90	20	12	21	51	22	14	23	85	24	18	25	43	26	13	27	4	28	61	29	57	
	0	22	1	72	2	4	3	100	4	86	5	77	6	92	7	39	8	67	9	70	10	19	11	1	12	70	13	95	14	98	15	70	16	65	17	92	18	33	19	8	20	31	21	3	22	43	23	44	24	25	25	31	26	82	27	65	28	16	29	47	
	0	69	1	84	2	73	3	70	4	97	5	75	6	52	7	65	8	81	9	67	10	96	11	60	12	6	13	45	14	99	15	78	16	35	17	24	18	44	19	79	20	26	21	41	22	75	23	56	24	60	25	13	26	45	27	70	28	56	29	52	
	0	64	1	28	2	20	3	71	4	48	5	39	6	35	7	87	8	10	9	100	10	19	11	14	12	75	13	17	14	7	15	23	16	33	17	30	18	97	19	13	20	61	21	22	22	43	23	66	24	64	25	2	26	7	27	78	28	33	29	73	
	0	21	1	91	2	8	3	23	4	81	5	99	6	65	7	26	8	39	9	69	10	91	11	49	12	24	13	26	14	65	15	16	16	74	17	20	18	39	19	4	20	63	21	13	22	87	23	9	24	95	25	13	26	94	27	24	28	56	29	34	
	0	37	1	50	2	91	3	26	4	66	5	47	6	26	7	88	8	84	9	14	10	32	11	84	12	32	13	45	14	70	15	79	16	88	17	95	18	20	19	6	20	78	21	31	22	23	23	48	24	3	25	53	26	62	27	64	28	6	29	67	
	0	59	1	82	2	49	3	20	4	94	5	85	6	67	7	68	8	45	9	26	10	87	11	29	12	63	13	44	14	68	15	92	16	23	17	19	18	34	19	97	20	72	21	87	22	70	23	68	24	31	25	86	26	70	27	100	28	29	29	94	
	0	72	1	34	2	72	3	34	4	89	5	83	6	17	7	81	8	70	9	19	10	64	11	84	12	27	13	66	14	27	15	81	16	69	17	77	18	88	19	16	20	42	21	94	22	19	23	83	24	90	25	86	26	13	27	54	28	85	29	95	
	0	43	1	80	2	12	3	26	4	18	5	74	6	82	7	67	8	92	9	61	10	5	11	40	12	85	13	96	14	49	15	68	16	49	17	48	18	77	19	33	20	81	21	3	22	48	23	86	24	28	25	76	26	43	27	6	28	75	29	1	
	0	86	1	34	2	25	3	65	4	61	5	10	6	87	7	85	8	54	9	60	10	84	11	33	12	85	13	98	14	33	15	52	16	60	17	49	18	15	19	48	20	20	21	67	22	10	23	80	24	20	25	5	26	23	27	20	28	37	29	91	
	0	26	1	23	2	27	3	86	4	70	5	33	6	20	7	55	8	57	9	25	10	23	11	22	12	68	13	70	14	49	15	17	16	24	17	69	18	28	19	40	20	56	21	73	22	8	23	15	24	3	25	55	26	38	27	7	28	17	29	26	
	0	91	1	35	2	70	3	88	4	35	5	49	6	47	7	96	8	13	9	60	10	10	11	48	12	24	13	33	14	24	15	42	16	79	17	71	18	90	19	22	20	37	21	33	22	42	23	79	24	94	25	62	26	4	27	95	28	31	29	24	
	0	9	1	83	2	70	3	34	4	31	5	28	6	39	7	76	8	67	9	87	10	67	11	66	12	12	13	42	14	57	15	25	16	97	17	16	18	76	19	17	20	71	21	9	22	67	23	20	24	25	25	19	26	57	27	64	28	8	29	21	
	0	42	1	84	2	39	3	49	4	18	5	97	6	60	7	22	8	29	9	84	10	70	11	61	12	15	13	29	14	48	15	33	16	83	17	42	18	90	19	73	20	43	21	37	22	18	23	52	24	26	25	9	26	93	27	8	28	99	29	72	
	0	49	1	57	2	2	3	15	4	56	5	34	6	22	7	95	8	7	9	7	10	98	11	27	12	93	13	66	14	56	15	88	16	22	17	91	18	92	19	40	20	80	21	23	22	49	23	75	24	13	25	68	26	59	27	88	28	63	29	7	
	0	49	1	75	2	10	3	79	4	9	5	1	6	96	7	98	8	67	9	73	10	27	11	71	12	55	13	75	14	67	15	58	16	52	17	11	18	50	19	14	20	66	21	11	22	98	23	21	24	70	25	98	26	95	27	5	28	13	29	25	
	0	50	1	78	2	31	3	16	4	54	5	59	6	75	7	26	8	66	9	75	10	25	11	55	12	99	13	69	14	63	15	74	16	76	17	42	18	12	19	71	20	20	21	12	22	7	23	51	24	89	25	7	26	37	27	71	28	11	29	90	
	0	28	1	12	2	23	3	67	4	60	5	16	6	34	7	68	8	50	9	26	10	46	11	47	12	83	13	40	14	49	15	91	16	14	17	34	18	5	19	1	20	79	21	92	22	56	23	9	24	81	25	100	26	96	27	1	28	91	29	86	
	0	71	1	16	2	76	3	37	4	17	5	41	6	37	7	78	8	59	9	19	10	19	11	73	12	89	13	21	14	50	15	65	16	59	17	39	18	68	19	93	20	2	21	64	22	11	23	89	24	97	25	59	26	3	27	78	28	55	29	76	
	0	28	1	97	2	73	3	71	4	37	5	60	6	61	7	29	8	5	9	43	10	87	11	72	12	67	13	64	14	2	15	50	16	17	17	49	18	90	19	50	20	45	21	13	22	73	23	1	24	45	25	30	26	13	27	68	28	97	29	34	
	0	83	1	39	2	87	3	83	4	26	5	63	6	63	7	61	8	94	9	97	10	97	11	79	12	31	13	79	14	17	15	97	16	61	17	68	18	37	19	92	20	54	21	40	22	6	23	45	24	93	25	14	26	12	27	29	28	10	29	93	
	0	68	1	50	2	19	3	82	4	17	5	6	6	22	7	84	8	39	9	52	10	96	11	79	12	5	13	25	14	51	15	31	16	29	17	1	18	63	19	81	20	6	21	24	22	36	23	44	24	97	25	16	26	7	27	94	28	94	29	19	
	0	2	1	82	2	98	3	15	4	99	5	42	6	94	7	86	8	21	9	33	10	83	11	45	12	24	13	59	14	97	15	61	16	95	17	62	18	95	19	56	20	59	21	97	22	16	23	54	24	57	25	20	26	4	27	68	28	89	29	82	
	0	24	1	7	2	83	3	51	4	9	5	41	6	52	7	90	8	1	9	44	10	99	11	64	12	69	13	45	14	37	15	31	16	92	17	92	18	70	19	42	20	23	21	19	22	86	23	70	24	10	25	61	26	8	27	50	28	82	29	88	
	0	27	1	52	2	73	3	6	4	70	5	47	6	80	7	41	8	22	9	66	10	35	11	40	12	24	13	35	14	20	15	2	16	100	17	85	18	34	19	38	20	38	21	83	22	77	23	68	24	63	25	2	26	61	27	90	28	68	29	7	
	0	75	1	95	2	7	3	34	4	95	5	95	6	80	7	7	8	3	9	25	10	96	11	55	12	88	13	41	14	60	15	58	16	12	17	73	18	68	19	56	20	41	21	74	22	74	23	91	24	54	25	33	26	42	27	28	28	4	29	44	
	0	77	1	18	2	3	3	87	4	92	5	24	6	47	7	67	8	91	9	95	10	38	11	91	12	30	13	3	14	59	15	31	16	38	17	39	18	46	19	6	20	41	21	9	22	27	23	44	24	37	25	52	26	57	27	76	28	36	29	85	
	0	80	1	25	2	70	3	57	4	78	5	71	6	79	7	60	8	16	9	1	10	84	11	75	12	85	13	33	14	32	15	20	16	73	17	56	18	84	19	44	20	24	21	38	22	56	23	79	24	65	25	29	26	84	27	96	28	29	29	66	
	0	72	1	95	2	97	3	73	4	93	5	98	6	5	7	67	8	18	9	24	10	35	11	7	12	22	13	35	14	96	15	53	16	75	17	34	18	98	19	97	20	8	21	2	22	56	23	99	24	60	25	46	26	30	27	61	28	28	29	45	
	0	12	1	56	2	59	3	100	4	3	5	61	6	40	7	34	8	43	9	91	10	53	11	71	12	84	13	21	14	99	15	86	16	80	17	81	18	67	19	67	20	61	21	92	22	68	23	97	24	24	25	38	26	6	27	30	28	15	29	15	
	0	75	1	3	2	70	3	76	4	4	5	47	6	57	7	64	8	29	9	53	10	19	11	63	12	14	13	54	14	2	15	8	16	86	17	57	18	64	19	7	20	70	21	33	22	71	23	89	24	74	25	53	26	58	27	12	28	25	29	99	
	0	84	1	56	2	46	3	76	4	49	5	24	6	44	7	77	8	39	9	71	10	82	11	46	12	47	13	47	14	100	15	23	16	74	17	3	18	2	19	68	20	76	21	61	22	71	23	87	24	72	25	75	26	47	27	78	28	85	29	83	
	0	89	1	18	2	52	3	75	4	89	5	2	6	86	7	47	8	90	9	73	10	43	11	94	12	96	13	11	14	35	15	7	16	56	17	16	18	20	19	99	20	9	21	51	22	80	23	65	24	87	25	2	26	75	27	15	28	91	29	27	
	0	86	1	45	2	47	3	94	4	100	5	69	6	92	7	66	8	10	9	8	10	30	11	43	12	51	13	64	14	47	15	78	16	17	17	47	18	84	19	89	20	31	21	24	22	61	23	53	24	16	25	29	26	84	27	56	28	1	29	92	
	0	18	1	89	2	19	3	92	4	34	5	68	6	20	7	49	8	87	9	48	10	52	11	77	12	97	13	43	14	8	15	13	16	99	17	16	18	18	19	79	20	56	21	4	22	84	23	45	24	15	25	31	26	56	27	75	28	74	29	91	
	0	17	1	75	2	16	3	80	4	62	5	70	6	67	7	58	8	79	9	24	10	42	11	72	12	80	13	81	14	82	15	58	16	21	17	2	18	4	19	69	20	39	21	23	22	55	23	99	24	23	25	15	26	80	27	25	28	61	29	38	
	0	88	1	83	2	33	3	36	4	89	5	75	6	17	7	85	8	73	9	50	10	38	11	33	12	76	13	57	14	6	15	79	16	77	17	75	18	7	19	43	20	77	21	88	22	67	23	59	24	21	25	93	26	99	27	77	28	50	29	35	
	0	54	1	2	2	18	3	18	4	22	5	25	6	4	7	96	8	30	9	79	10	80	11	76	12	29	13	9	14	75	15	28	16	66	17	61	18	63	19	26	20	62	21	87	22	36	23	18	24	30	25	35	26	34	27	7	28	49	29	71	
	0	26	1	65	2	94	3	86	4	24	5	62	6	79	7	73	8	63	9	65	10	24	11	11	12	9	13	50	14	15	15	56	16	41	17	53	18	61	19	14	20	24	21	75	22	29	23	95	24	40	25	3	26	4	27	43	28	36	29	55	
	0	69	1	3	2	100	3	74	4	75	5	40	6	39	7	62	8	38	9	38	10	20	11	35	12	51	13	12	14	28	15	50	16	1	17	45	18	68	19	64	20	85	21	14	22	98	23	55	24	57	25	62	26	72	27	79	28	21	29	7	
	0	40	1	87	2	22	3	10	4	99	5	3	6	61	7	31	8	11	9	91	10	24	11	72	12	33	13	37	14	60	15	56	16	39	17	35	18	99	19	72	20	58	21	36	22	16	23	24	24	16	25	69	26	30	27	89	28	29	29	38	
	0	45	1	72	2	100	3	34	4	57	5	35	6	37	7	96	8	94	9	23	10	95	11	43	12	24	13	96	14	56	15	5	16	13	17	34	18	56	19	78	20	92	21	42	22	48	23	67	24	73	25	86	26	79	27	81	28	43	29	15	
	0	20	1	99	2	61	3	44	4	47	5	29	6	98	7	99	8	57	9	1	10	59	11	72	12	63	13	100	14	88	15	38	16	74	17	41	18	52	19	2	20	43	21	77	22	69	23	63	24	74	25	3	26	52	27	3	28	9	29	28	
	0	25	1	69	2	91	3	19	4	28	5	80	6	86	7	71	8	4	9	49	10	14	11	73	12	61	13	22	14	28	15	13	16	89	17	29	18	68	19	38	20	91	21	87	22	91	23	34	24	50	25	6	26	68	27	65	28	37	29	79	
	0	1	1	65	2	76	3	58	4	27	5	86	6	14	7	96	8	24	9	16	10	36	11	35	12	82	13	90	14	43	15	69	16	49	17	47	18	90	19	14	20	72	21	92	22	48	23	63	24	80	25	60	26	74	27	100	28	70	29	36	
	0	16	1	86	2	44	3	24	4	63	5	23	6	92	7	88	8	3	9	41	10	50	11	8	12	14	13	1	14	35	15	38	16	97	17	17	18	2	19	97	20	89	21	20	22	23	23	47	24	35	25	41	26	11	27	36	28	98	29	60	
	0	72	1	74	2	42	3	48	4	45	5	34	6	35	7	60	8	74	9	20	10	91	11	61	12	86	13	40	14	61	15	48	16	34	17	6	18	91	19	18	20	36	21	19	22	87	23	91	24	88	25	6	26	62	27	61	28	63	29	29	
	0	85	1	74	2	9	3	9	4	38	5	5	6	21	7	25	8	91	9	84	10	29	11	76	12	38	13	42	14	15	15	51	16	98	17	15	18	23	19	89	20	93	21	80	22	82	23	13	24	43	25	29	26	53	27	58	28	10	29	19	
	0	96	1	39	2	21	3	72	4	47	5	54	6	47	7	69	8	39	9	7	10	25	11	43	12	20	13	50	14	33	15	18	16	54	17	61	18	80	19	63	20	67	21	13	22	31	23	35	24	61	25	4	26	22	27	95	28	65	29	83	
	0	64	1	39	2	71	3	58	4	63	5	35	6	65	7	49	8	43	9	52	10	79	11	32	12	3	13	30	14	77	15	3	16	86	17	58	18	14	19	82	20	24	21	12	22	19	23	60	24	22	25	11	26	40	27	91	28	16	29	76	
	0	91	1	9	2	10	3	77	4	40	5	19	6	14	7	62	8	78	9	29	10	58	11	2	12	58	13	18	14	93	15	93	16	78	17	78	18	55	19	43	20	68	21	83	22	34	23	77	24	82	25	19	26	97	27	12	28	68	29	66	
	0	28	1	61	2	9	3	7	4	62	5	17	6	93	7	37	8	40	9	98	10	59	11	12	12	90	13	64	14	95	15	91	16	72	17	47	18	61	19	21	20	51	21	51	22	86	23	7	24	54	25	83	26	79	27	93	28	8	29	6	
	0	4	1	53	2	3	3	29	4	85	5	95	6	71	7	55	8	9	9	12	10	42	11	2	12	56	13	20	14	32	15	76	16	15	17	50	18	12	19	32	20	64	21	22	22	10	23	88	24	35	25	55	26	39	27	41	28	78	29	16	
	0	15	1	25	2	84	3	93	4	5	5	94	6	29	7	59	8	50	9	79	10	85	11	12	12	51	13	100	14	6	15	70	16	17	17	7	18	89	19	59	20	77	21	17	22	32	23	38	24	100	25	17	26	100	27	89	28	2	29	35	
	0	82	1	38	2	62	3	18	4	45	5	77	6	38	7	68	8	11	9	100	10	1	11	25	12	27	13	18	14	9	15	88	16	23	17	90	18	76	19	41	20	46	21	43	22	74	23	58	24	66	25	45	26	6	27	57	28	68	29	15	
	0	6	1	58	2	77	3	24	4	33	5	11	6	42	7	2	8	93	9	28	10	44	11	41	12	73	13	93	14	22	15	97	16	57	17	79	18	24	19	63	20	45	21	27	22	96	23	57	24	72	25	2	26	20	27	86	28	94	29	62	
	0	80	1	68	2	100	3	50	4	69	5	54	6	89	7	85	8	59	9	94	10	2	11	1	12	24	13	68	14	75	15	72	16	27	17	1	18	98	19	28	20	96	21	98	22	64	23	79	24	10	25	9	26	86	27	38	28	63	29	27	
	0	46	1	63	2	51	3	61	4	60	5	50	6	52	7	56	8	100	9	100	10	37	11	99	12	35	13	4	14	87	15	67	16	6	17	88	18	25	19	31	20	94	21	24	22	9	23	19	24	57	25	74	26	5	27	32	28	69	29	97	
	0	27	1	70	2	25	3	15	4	97	5	32	6	98	7	47	8	68	9	73	10	92	11	85	12	16	13	72	14	58	15	49	16	33	17	51	18	98	19	66	20	53	21	78	22	22	23	39	24	34	25	30	26	48	27	61	28	55	29	57	
	0	9	1	64	2	67	3	72	4	19	5	84	6	3	7	75	8	89	9	32	10	82	11	82	12	52	13	26	14	15	15	66	16	71	17	7	18	53	19	100	20	83	21	94	22	14	23	78	24	5	25	64	26	26	27	19	28	22	29	26	
	0	96	1	48	2	50	3	6	4	9	5	16	6	72	7	97	8	24	9	50	10	78	11	66	12	58	13	83	14	44	15	81	16	70	17	48	18	79	19	34	20	33	21	61	22	65	23	21	24	24	25	99	26	72	27	44	28	51	29	65	
	0	78	1	2	2	99	3	77	4	67	5	88	6	20	7	56	8	69	9	38	10	29	11	23	12	32	13	45	14	44	15	32	16	76	17	80	18	57	19	6	20	18	21	12	22	63	23	80	24	9	25	93	26	84	27	54	28	43	29	90	
	0	47	1	45	2	43	3	78	4	56	5	77	6	61	7	9	8	99	9	90	10	16	11	47	12	97	13	64	14	92	15	11	16	72	17	69	18	33	19	100	20	33	21	20	22	68	23	94	24	9	25	95	26	49	27	35	28	73	29	6	
	0	5	1	6	2	96	3	35	4	67	5	44	6	64	7	7	8	3	9	98	10	3	11	15	12	3	13	71	14	96	15	48	16	6	17	3	18	2	19	73	20	18	21	90	22	94	23	90	24	48	25	10	26	97	27	43	28	7	29	76	
	0	40	1	91	2	64	3	34	4	72	5	75	6	70	7	98	8	42	9	67	10	2	11	59	12	1	13	71	14	25	15	16	16	3	17	64	18	61	19	7	20	33	21	17	22	50	23	57	24	14	25	77	26	59	27	48	28	28	29	7	
	0	90	1	82	2	96	3	30	4	21	5	59	6	96	7	20	8	38	9	22	10	30	11	30	12	30	13	15	14	75	15	9	16	90	17	1	18	65	19	94	20	70	21	15	22	19	23	37	24	19	25	4	26	64	27	28	28	89	29	23	
	0	79	1	53	2	14	3	31	4	14	5	14	6	95	7	51	8	40	9	4	10	12	11	38	12	73	13	50	14	6	15	90	16	98	17	43	18	22	19	70	20	11	21	92	22	25	23	8	24	38	25	29	26	8	27	97	28	21	29	52	
	0	1	1	28	2	84	3	11	4	3	5	73	6	92	7	83	8	8	9	98	10	8	11	33	12	25	13	29	14	51	15	61	16	99	17	9	18	38	19	35	20	1	21	35	22	96	23	78	24	21	25	2	26	24	27	32	28	57	29	98	
	0	99	1	56	2	32	3	42	4	32	5	58	6	46	7	26	8	49	9	5	10	16	11	32	12	28	13	60	14	32	15	70	16	22	17	87	18	89	19	28	20	23	21	2	22	76	23	56	24	36	25	38	26	59	27	96	28	55	29	55	
	0	63	1	9	2	62	3	72	4	94	5	30	6	11	7	30	8	53	9	68	10	98	11	89	12	61	13	95	14	35	15	32	16	37	17	7	18	32	19	38	20	88	21	70	22	57	23	75	24	69	25	85	26	92	27	38	28	43	29	83	
	0	96	1	86	2	52	3	29	4	25	5	16	6	2	7	36	8	92	9	99	10	14	11	61	12	57	13	14	14	5	15	58	16	95	17	51	18	76	19	71	20	25	21	48	22	19	23	16	24	36	25	16	26	30	27	90	28	96	29	89	
	0	20	1	54	2	47	3	89	4	98	5	93	6	80	7	100	8	93	9	58	10	45	11	64	12	28	13	75	14	18	15	84	16	100	17	67	18	67	19	35	20	29	21	93	22	68	23	65	24	78	25	85	26	11	27	27	28	58	29	12	
	0	98	1	32	2	71	3	73	4	60	5	92	6	76	7	15	8	95	9	21	10	94	11	7	12	45	13	82	14	35	15	84	16	76	17	4	18	84	19	38	20	34	21	17	22	49	23	75	24	97	25	91	26	27	27	17	28	16	29	1	
	0	57	1	89	2	44	3	77	4	80	5	86	6	95	7	10	8	78	9	86	10	83	11	2	12	30	13	57	14	23	15	81	16	87	17	75	18	59	19	29	20	55	21	4	22	53	23	17	24	6	25	28	26	97	27	88	28	76	29	2	
	0	25	1	82	2	59	3	66	4	54	5	54	6	14	7	54	8	96	9	64	10	44	11	26	12	84	13	20	14	13	15	72	16	1	17	77	18	100	19	15	20	4	21	79	22	37	23	89	24	61	25	86	26	70	27	44	28	23	29	67	
	0	57	1	61	2	76	3	22	4	33	5	79	6	67	7	14	8	82	9	80	10	27	11	14	12	2	13	7	14	97	15	17	16	83	17	37	18	13	19	41	20	63	21	50	22	50	23	34	24	15	25	80	26	24	27	29	28	4	29	75	
	0	12	1	8	2	76	3	25	4	99	5	20	6	21	7	56	8	19	9	14	10	100	11	93	12	51	13	20	14	53	15	25	16	98	17	75	18	95	19	100	20	64	21	51	22	66	23	87	24	77	25	55	26	49	27	45	28	87	29	7	
	0	20	1	41	2	55	3	8	4	11	5	60	6	23	7	33	8	53	9	66	10	23	11	73	12	23	13	36	14	34	15	86	16	87	17	72	18	24	19	94	20	66	21	24	22	38	23	77	24	39	25	82	26	50	27	5	28	87	29	45	
	0	50	1	89	2	26	3	58	4	92	5	90	6	86	7	94	8	64	9	25	10	76	11	67	12	66	13	79	14	68	15	22	16	34	17	7	18	82	19	87	20	30	21	8	22	11	23	58	24	83	25	91	26	61	27	94	28	24	29	20	
	0	84	1	72	2	21	3	82	4	22	5	26	6	8	7	22	8	2	9	88	10	38	11	100	12	34	13	60	14	76	15	28	16	70	17	14	18	76	19	36	20	93	21	100	22	20	23	91	24	35	25	57	26	39	27	91	28	76	29	9	
	0	40	1	80	2	73	3	57	4	24	5	69	6	49	7	57	8	90	9	40	10	79	11	17	12	93	13	5	14	99	15	98	16	62	17	29	18	91	19	50	20	53	21	5	22	16	23	30	24	7	25	2	26	18	27	77	28	46	29	31	
	0	37	1	14	2	85	3	22	4	50	5	41	6	86	7	29	8	14	9	3	10	95	11	57	12	49	13	78	14	29	15	78	16	59	17	75	18	60	19	25	20	17	21	86	22	11	23	69	24	35	25	6	26	31	27	33	28	7	29	68	
	0	12	1	49	2	2	3	49	4	8	5	5	6	2	7	11	8	97	9	99	10	80	11	20	12	34	13	96	14	43	15	75	16	78	17	17	18	3	19	9	20	96	21	16	22	44	23	19	24	23	25	42	26	19	27	34	28	14	29	25	
	0	47	1	35	2	48	3	27	4	52	5	74	6	80	7	58	8	58	9	68	10	83	11	31	12	53	13	92	14	3	15	13	16	94	17	19	18	79	19	95	20	53	21	74	22	76	23	46	24	81	25	53	26	81	27	34	28	30	29	83	
	0	82	1	97	2	26	3	9	4	100	5	13	6	24	7	29	8	65	9	99	10	25	11	35	12	46	13	52	14	49	15	31	16	43	17	33	18	50	19	18	20	62	21	79	22	75	23	36	24	88	25	100	26	52	27	75	28	37	29	6	
	0	34	1	61	2	19	3	1	4	60	5	83	6	18	7	17	8	57	9	46	10	96	11	34	12	4	13	21	14	36	15	23	16	18	17	97	18	93	19	79	20	10	21	73	22	17	23	67	24	100	25	93	26	3	27	1	28	37	29	29	
	0	15	1	70	2	82	3	20	4	60	5	82	6	68	7	48	8	68	9	13	10	99	11	81	12	4	13	2	14	35	15	5	16	78	17	61	18	69	19	94	20	58	21	63	22	91	23	56	24	41	25	17	26	44	27	63	28	29	29	86	
	0	27	1	60	2	54	3	37	4	34	5	52	6	17	7	63	8	74	9	6	10	72	11	30	12	94	13	50	14	45	15	80	16	18	17	84	18	81	19	79	20	35	21	14	22	1	23	29	24	60	25	10	26	3	27	98	28	92	29	20	
	0	99	1	17	2	35	3	36	4	44	5	84	6	10	7	61	8	15	9	76	10	80	11	25	12	99	13	48	14	11	15	1	16	44	17	66	18	28	19	5	20	63	21	24	22	27	23	38	24	22	25	42	26	15	27	28	28	33	29	90	
	0	54	1	2	2	84	3	28	4	44	5	8	6	35	7	75	8	35	9	16	10	45	11	45	12	100	13	78	14	85	15	63	16	60	17	67	18	73	19	38	20	98	21	81	22	37	23	11	24	1	25	68	26	18	27	85	28	29	29	93	
	0	60	1	24	2	76	3	36	4	89	5	54	6	55	7	49	8	77	9	62	10	3	11	95	12	12	13	99	14	50	15	68	16	54	17	78	18	63	19	18	20	63	21	28	22	95	23	20	24	30	25	55	26	9	27	65	28	40	29	18	
	0	81	1	57	2	40	3	73	4	40	5	1	6	93	7	48	8	64	9	10	10	56	11	73	12	88	13	55	14	82	15	16	16	28	17	44	18	50	19	10	20	35	21	55	22	86	23	2	24	4	25	21	26	68	27	25	28	47	29	82	
	0	69	1	26	2	5	3	34	4	45	5	42	6	28	7	67	8	60	9	76	10	7	11	28	12	89	13	91	14	29	15	41	16	22	17	91	18	92	19	90	20	97	21	63	22	92	23	26	24	14	25	18	26	73	27	80	28	22	29	9	
	0	59	1	81	2	44	3	76	4	38	5	13	6	46	7	60	8	83	9	49	10	43	11	8	12	67	13	86	14	28	15	66	16	58	17	23	18	94	19	49	20	46	21	9	22	63	23	25	24	14	25	55	26	32	27	79	28	14	29	38	
	0	79	1	18	2	74	3	11	4	9	5	32	6	71	7	13	8	57	9	10	10	26	11	7	12	57	13	84	14	8	15	37	16	73	17	72	18	3	19	15	20	38	21	44	22	72	23	10	24	28	25	24	26	29	27	87	28	88	29	74	
	0	98	1	63	2	1	3	10	4	95	5	25	6	65	7	66	8	45	9	32	10	65	11	15	12	67	13	100	14	67	15	10	16	12	17	20	18	32	19	1	20	36	21	35	22	18	23	11	24	56	25	84	26	95	27	71	28	10	29	88	
	0	65	1	94	2	25	3	26	4	10	5	95	6	41	7	33	8	32	9	27	10	84	11	50	12	73	13	30	14	87	15	42	16	52	17	12	18	9	19	92	20	5	21	31	22	37	23	36	24	47	25	94	26	22	27	79	28	26	29	51	
	0	35	1	75	2	99	3	15	4	81	5	76	6	44	7	50	8	78	9	69	10	76	11	10	12	20	13	92	14	47	15	96	16	51	17	60	18	72	19	41	20	44	21	61	22	56	23	52	24	59	25	87	26	77	27	30	28	59	29	100	
	0	23	1	52	2	70	3	5	4	98	5	97	6	12	7	100	8	93	9	83	10	90	11	39	12	91	13	31	14	36	15	9	16	41	17	1	18	82	19	50	20	20	21	46	22	40	23	70	24	17	25	61	26	73	27	67	28	19	29	98	
	0	3	1	95	2	59	3	46	4	98	5	12	6	27	7	20	8	47	9	79	10	78	11	93	12	11	13	25	14	45	15	62	16	37	17	34	18	60	19	40	20	100	21	40	22	15	23	97	24	66	25	39	26	11	27	14	28	35	29	7	
	0	85	1	50	2	6	3	39	4	70	5	100	6	43	7	34	8	30	9	29	10	85	11	40	12	83	13	89	14	94	15	70	16	85	17	44	18	98	19	35	20	84	21	83	22	41	23	98	24	90	25	32	26	74	27	17	28	88	29	43	
	0	53	1	57	2	51	3	38	4	75	5	33	6	64	7	4	8	81	9	37	10	26	11	3	12	27	13	40	14	28	15	99	16	32	17	69	18	99	19	92	20	60	21	51	22	77	23	60	24	93	25	52	26	68	27	3	28	95	29	80	
	0	98	1	35	2	83	3	91	4	38	5	23	6	43	7	64	8	53	9	20	10	28	11	7	12	35	13	55	14	25	15	98	16	89	17	31	18	12	19	20	20	48	21	15	22	63	23	38	24	71	25	84	26	85	27	58	28	85	29	76	
	0	34	1	91	2	46	3	76	4	93	5	91	6	34	7	28	8	46	9	85	10	73	11	84	12	97	13	10	14	42	15	92	16	22	17	83	18	97	19	1	20	34	21	77	22	47	23	71	24	6	25	18	26	70	27	50	28	71	29	4	
	0	2	1	61	2	91	3	54	4	40	5	48	6	44	7	72	8	6	9	89	10	51	11	32	12	100	13	58	14	63	15	60	16	18	17	5	18	19	19	10	20	70	21	24	22	66	23	2	24	64	25	46	26	14	27	8	28	94	29	28	
	0	69	1	46	2	2	3	29	4	89	5	42	6	37	7	11	8	67	9	21	10	74	11	43	12	75	13	28	14	6	15	16	16	42	17	15	18	47	19	85	20	24	21	72	22	35	23	53	24	40	25	66	26	76	27	19	28	7	29	26	
	0	78	1	64	2	62	3	68	4	38	5	53	6	85	7	63	8	27	9	71	10	49	11	96	12	26	13	45	14	65	15	89	16	34	17	75	18	94	19	9	20	66	21	41	22	24	23	20	24	3	25	76	26	61	27	33	28	87	29	99	
	0	96	1	16	2	20	3	91	4	34	5	10	6	77	7	51	8	39	9	32	10	34	11	74	12	100	13	84	14	28	15	47	16	74	17	84	18	42	19	31	20	31	21	37	22	82	23	67	24	4	25	31	26	35	27	93	28	91	29	7	
	0	51	1	33	2	42	3	37	4	82	5	45	6	73	7	89	8	60	9	49	10	2	11	62	12	24	13	66	14	44	15	9	16	89	17	49	18	30	19	16	20	4	21	76	22	49	23	15	24	84	25	14	26	76	27	25	28	100	29	16	
	0	4	1	55	2	71	3	13	4	5	5	58	6	38	7	82	8	20	9	31	10	37	11	86	12	75	13	40	14	52	15	60	16	43	17	55	18	59	19	56	20	57	21	58	22	82	23	14	24	17	25	86	26	15	27	31	28	7	29	5	
	0	88	1	100	2	55	3	99	4	80	5	43	6	32	7	82	8	34	9	69	10	73	11	89	12	75	13	99	14	94	15	27	16	46	17	63	18	30	19	50	20	53	21	11	22	54	23	54	24	98	25	20	26	81	27	24	28	83	29	48	
	0	18	1	23	2	48	3	50	4	80	5	70	6	68	7	44	8	84	9	34	10	31	11	51	12	46	13	39	14	51	15	47	16	6	17	46	18	25	19	78	20	34	21	49	22	88	23	82	24	10	25	79	26	85	27	99	28	95	29	52	
	0	5	1	59	2	64	3	53	4	48	5	38	6	23	7	52	8	39	9	26	10	97	11	93	12	69	13	8	14	22	15	98	16	12	17	14	18	100	19	94	20	83	21	96	22	82	23	26	24	47	25	77	26	28	27	62	28	47	29	27	
	0	6	1	78	2	73	3	91	4	99	5	84	6	52	7	20	8	8	9	21	10	39	11	56	12	34	13	68	14	60	15	48	16	9	17	8	18	95	19	56	20	27	21	83	22	82	23	38	24	42	25	40	26	74	27	21	28	1	29	62	
	0	20	1	99	2	98	3	2	4	45	5	89	6	64	7	82	8	16	9	99	10	64	11	29	12	58	13	35	14	16	15	35	16	8	17	6	18	19	19	78	20	62	21	70	22	5	23	12	24	47	25	4	26	46	27	79	28	74	29	93	
	0	21	1	72	2	68	3	57	4	75	5	19	6	83	7	20	8	70	9	71	10	3	11	92	12	42	13	44	14	20	15	77	16	47	17	1	18	5	19	60	20	21	21	25	22	76	23	11	24	75	25	77	26	74	27	1	28	6	29	47	
	0	55	1	82	2	3	3	67	4	66	5	75	6	82	7	59	8	95	9	60	10	43	11	74	12	75	13	3	14	85	15	14	16	40	17	33	18	22	19	50	20	91	21	100	22	61	23	91	24	42	25	79	26	60	27	47	28	35	29	79	
	0	90	1	25	2	23	3	66	4	8	5	23	6	84	7	86	8	53	9	21	10	84	11	49	12	12	13	32	14	42	15	76	16	39	17	99	18	58	19	27	20	30	21	47	22	17	23	94	24	37	25	62	26	83	27	54	28	86	29	30	
	0	10	1	60	2	11	3	71	4	32	5	43	6	60	7	94	8	41	9	90	10	82	11	33	12	94	13	4	14	25	15	80	16	2	17	75	18	56	19	79	20	55	21	4	22	78	23	76	24	53	25	80	26	71	27	36	28	64	29	13	
	0	82	1	61	2	95	3	9	4	28	5	50	6	58	7	93	8	51	9	50	10	100	11	70	12	92	13	75	14	26	15	28	16	97	17	3	18	61	19	95	20	50	21	79	22	7	23	46	24	68	25	56	26	45	27	37	28	33	29	39	
	0	88	1	67	2	56	3	36	4	6	5	98	6	49	7	2	8	100	9	94	10	28	11	71	12	79	13	4	14	35	15	63	16	31	17	69	18	37	19	40	20	76	21	81	22	6	23	17	24	28	25	52	26	1	27	63	28	87	29	40	
	0	23	1	45	2	67	3	1	4	51	5	52	6	55	7	94	8	90	9	83	10	54	11	60	12	95	13	22	14	4	15	50	16	47	17	97	18	42	19	71	20	100	21	76	22	27	23	37	24	13	25	14	26	36	27	43	28	76	29	98	
	0	65	1	58	2	43	3	52	4	54	5	97	6	80	7	93	8	57	9	98	10	59	11	45	12	5	13	42	14	38	15	10	16	40	17	53	18	64	19	30	20	74	21	79	22	83	23	39	24	74	25	59	26	18	27	90	28	79	29	1	
	0	63	1	57	2	44	3	2	4	46	5	3	6	28	7	25	8	66	9	94	10	78	11	11	12	76	13	61	14	4	15	44	16	79	17	24	18	91	19	72	20	27	21	36	22	59	23	28	24	38	25	68	26	73	27	90	28	9	29	65	
	0	3	1	97	2	79	3	99	4	64	5	50	6	61	7	13	8	74	9	88	10	50	11	36	12	4	13	42	14	26	15	49	16	44	17	11	18	50	19	79	20	53	21	25	22	67	23	20	24	14	25	46	26	77	27	51	28	88	29	44	
	0	2	1	44	2	19	3	11	4	88	5	57	6	17	7	52	8	31	9	52	10	55	11	91	12	32	13	10	14	56	15	58	16	47	17	70	18	92	19	78	20	57	21	68	22	74	23	90	24	31	25	2	26	22	27	42	28	95	29	21	
	0	43	1	19	2	29	3	53	4	84	5	87	6	93	7	2	8	59	9	65	10	59	11	63	12	59	13	44	14	55	15	25	16	27	17	70	18	97	19	37	20	4	21	77	22	38	23	83	24	98	25	100	26	17	27	14	28	72	29	43	
	0	89	1	82	2	6	3	23	4	54	5	73	6	24	7	50	8	22	9	63	10	26	11	33	12	56	13	5	14	19	15	5	16	41	17	36	18	99	19	45	20	63	21	100	22	13	23	84	24	25	25	39	26	61	27	91	28	25	29	61	
	0	39	1	33	2	94	3	45	4	96	5	34	6	66	7	21	8	67	9	19	10	33	11	75	12	9	13	16	14	23	15	76	16	38	17	10	18	3	19	60	20	49	21	72	22	45	23	84	24	30	25	48	26	20	27	61	28	90	29	14	
	0	53	1	85	2	75	3	88	4	11	5	30	6	59	7	26	8	76	9	59	10	56	11	87	12	24	13	55	14	66	15	53	16	13	17	15	18	40	19	17	20	76	21	64	22	45	23	10	24	35	25	46	26	27	27	68	28	37	29	40	
	0	91	1	82	2	46	3	23	4	69	5	49	6	52	7	42	8	49	9	81	10	55	11	81	12	67	13	80	14	68	15	95	16	47	17	42	18	27	19	58	20	30	21	24	22	6	23	85	24	47	25	21	26	62	27	20	28	93	29	12	
	0	76	1	88	2	70	3	24	4	81	5	44	6	28	7	7	8	76	9	5	10	59	11	68	12	89	13	61	14	49	15	96	16	44	17	82	18	70	19	13	20	71	21	13	22	80	23	74	24	25	25	39	26	74	27	39	28	96	29	96	
	0	56	1	21	2	31	3	15	4	1	5	54	6	73	7	74	8	49	9	18	10	12	11	74	12	86	13	98	14	86	15	25	16	97	17	31	18	97	19	40	20	77	21	34	22	3	23	16	24	69	25	32	26	23	27	40	28	28	29	81	
	0	7	1	72	2	87	3	54	4	99	5	50	6	70	7	80	8	50	9	70	10	15	11	83	12	44	13	58	14	96	15	10	16	84	17	39	18	71	19	15	20	91	21	50	22	33	23	87	24	10	25	55	26	5	27	80	28	6	29	23	
	0	60	1	3	2	34	3	58	4	58	5	35	6	39	7	59	8	70	9	60	10	40	11	85	12	10	13	61	14	87	15	12	16	34	17	23	18	60	19	29	20	44	21	94	22	90	23	87	24	22	25	82	26	96	27	82	28	97	29	100	
	0	15	1	26	2	17	3	25	4	65	5	97	6	61	7	72	8	33	9	74	10	81	11	84	12	79	13	49	14	99	15	40	16	98	17	89	18	28	19	70	20	19	21	58	22	84	23	27	24	41	25	40	26	100	27	65	28	74	29	37	
	0	8	1	36	2	5	3	17	4	32	5	2	6	76	7	68	8	1	9	38	10	86	11	79	12	75	13	81	14	27	15	68	16	73	17	36	18	65	19	80	20	94	21	67	22	44	23	85	24	21	25	74	26	80	27	41	28	51	29	73	
	0	50	1	20	2	66	3	54	4	65	5	90	6	66	7	56	8	24	9	93	10	2	11	72	12	50	13	72	14	36	15	35	16	1	17	48	18	1	19	26	20	11	21	42	22	63	23	70	24	35	25	88	26	13	27	48	28	29	29	29	
	0	23	1	17	2	74	3	15	4	44	5	20	6	79	7	46	8	21	9	41	10	99	11	99	12	11	13	86	14	64	15	72	16	96	17	29	18	19	19	63	20	90	21	25	22	13	23	74	24	45	25	62	26	48	27	2	28	24	29	12	
	0	82	1	97	2	4	3	4	4	88	5	10	6	5	7	77	8	70	9	11	10	6	11	10	12	3	13	25	14	92	15	61	16	21	17	97	18	14	19	53	20	23	21	48	22	76	23	17	24	11	25	37	26	34	27	16	28	79	29	90	
	0	5	1	34	2	79	3	76	4	58	5	17	6	18	7	37	8	22	9	46	10	67	11	65	12	97	13	70	14	99	15	81	16	74	17	16	18	16	19	99	20	56	21	25	22	4	23	58	24	12	25	39	26	80	27	47	28	56	29	60	
	0	45	1	86	2	52	3	91	4	14	5	95	6	92	7	65	8	31	9	88	10	2	11	17	12	22	13	67	14	82	15	55	16	63	17	46	18	100	19	7	20	10	21	15	22	44	23	2	24	90	25	91	26	57	27	34	28	69	29	95	
	0	81	1	62	2	52	3	85	4	10	5	85	6	25	7	65	8	4	9	68	10	88	11	51	12	29	13	28	14	66	15	62	16	29	17	15	18	11	19	100	20	58	21	14	22	31	23	64	24	8	25	83	26	14	27	70	28	72	29	94	
	0	66	1	29	2	51	3	89	4	82	5	31	6	94	7	2	8	84	9	71	10	96	11	25	12	51	13	51	14	88	15	66	16	72	17	45	18	41	19	59	20	59	21	95	22	33	23	70	24	75	25	84	26	74	27	98	28	26	29	86	
	0	16	1	55	2	2	3	94	4	24	5	35	6	50	7	64	8	13	9	82	10	65	11	68	12	29	13	58	14	42	15	62	16	35	17	16	18	75	19	89	20	100	21	30	22	68	23	39	24	88	25	94	26	9	27	96	28	83	29	61	
	0	96	1	25	2	58	3	34	4	86	5	2	6	1	7	38	8	24	9	32	10	18	11	35	12	42	13	17	14	91	15	41	16	55	17	73	18	48	19	37	20	97	21	69	22	29	23	66	24	20	25	99	26	100	27	86	28	34	29	6	
	0	60	1	45	2	7	3	86	4	77	5	66	6	22	7	16	8	14	9	59	10	84	11	83	12	45	13	71	14	47	15	21	16	86	17	11	18	68	19	100	20	41	21	73	22	40	23	46	24	47	25	49	26	37	27	41	28	92	29	47	
	0	73	1	2	2	59	3	74	4	31	5	21	6	25	7	83	8	89	9	48	10	23	11	41	12	38	13	76	14	35	15	17	16	38	17	17	18	74	19	12	20	20	21	44	22	86	23	8	24	40	25	3	26	7	27	44	28	26	29	52	
	0	72	1	8	2	35	3	75	4	61	5	76	6	100	7	50	8	3	9	53	10	24	11	76	12	67	13	2	14	59	15	5	16	39	17	66	18	69	19	56	20	7	21	63	22	15	23	15	24	70	25	91	26	14	27	81	28	58	29	75	
	0	3	1	44	2	57	3	85	4	60	5	82	6	93	7	70	8	26	9	77	10	58	11	97	12	30	13	85	14	36	15	32	16	58	17	6	18	70	19	81	20	48	21	87	22	61	23	69	24	58	25	47	26	49	27	49	28	42	29	44	
	0	86	1	34	2	16	3	89	4	43	5	78	6	68	7	98	8	1	9	61	10	97	11	74	12	86	13	22	14	9	15	58	16	13	17	88	18	58	19	65	20	23	21	66	22	72	23	98	24	88	25	51	26	19	27	18	28	32	29	50	
	0	48	1	3	2	64	3	88	4	38	5	51	6	44	7	68	8	62	9	100	10	52	11	61	12	62	13	77	14	88	15	37	16	18	17	56	18	89	19	2	20	5	21	23	22	94	23	73	24	13	25	28	26	87	27	62	28	72	29	70	
	0	22	1	26	2	15	3	2	4	48	5	18	6	47	7	79	8	2	9	46	10	30	11	35	12	33	13	18	14	28	15	58	16	16	17	72	18	36	19	2	20	42	21	61	22	47	23	28	24	32	25	26	26	71	27	73	28	72	29	45	
	0	8	1	93	2	88	3	2	4	12	5	50	6	30	7	32	8	97	9	99	10	69	11	84	12	38	13	80	14	26	15	32	16	63	17	45	18	44	19	45	20	69	21	29	22	42	23	83	24	22	25	72	26	20	27	46	28	37	29	90	
	0	33	1	54	2	35	3	33	4	32	5	45	6	42	7	71	8	13	9	98	10	63	11	32	12	16	13	54	14	36	15	34	16	33	17	62	18	23	19	14	20	78	21	27	22	82	23	16	24	22	25	78	26	87	27	91	28	95	29	8	
	0	24	1	43	2	8	3	23	4	49	5	80	6	45	7	56	8	7	9	88	10	23	11	83	12	25	13	54	14	51	15	81	16	40	17	50	18	35	19	93	20	100	21	1	22	38	23	47	24	67	25	13	26	22	27	83	28	59	29	85	
	0	8	1	1	2	100	3	7	4	99	5	50	6	34	7	96	8	13	9	45	10	32	11	30	12	47	13	45	14	35	15	21	16	39	17	40	18	52	19	95	20	41	21	73	22	6	23	18	24	59	25	47	26	71	27	4	28	38	29	33	
	0	17	1	19	2	63	3	71	4	36	5	71	6	47	7	79	8	87	9	47	10	48	11	86	12	76	13	44	14	12	15	58	16	70	17	50	18	59	19	39	20	86	21	6	22	65	23	14	24	62	25	33	26	93	27	46	28	50	29	86	
	0	74	1	86	2	45	3	27	4	93	5	96	6	25	7	34	8	52	9	12	10	26	11	75	12	34	13	14	14	45	15	43	16	40	17	39	18	60	19	11	20	12	21	99	22	75	23	83	24	68	25	27	26	74	27	78	28	73	29	29	
	0	98	1	94	2	70	3	40	4	83	5	6	6	73	7	88	8	54	9	89	10	38	11	23	12	69	13	47	14	40	15	98	16	80	17	82	18	29	19	27	20	67	21	21	22	85	23	23	24	62	25	45	26	2	27	53	28	28	29	57	
	0	10	1	53	2	49	3	81	4	94	5	68	6	51	7	65	8	16	9	17	10	32	11	47	12	33	13	57	14	47	15	26	16	94	17	4	18	60	19	74	20	88	21	100	22	74	23	5	24	98	25	51	26	100	27	64	28	27	29	92	
	0	63	1	27	2	77	3	43	4	36	5	79	6	58	7	34	8	49	9	50	10	5	11	29	12	95	13	45	14	93	15	58	16	40	17	26	18	86	19	50	20	30	21	70	22	29	23	28	24	81	25	1	26	72	27	68	28	36	29	93	
	0	86	1	64	2	47	3	26	4	9	5	22	6	46	7	47	8	53	9	22	10	22	11	94	12	64	13	15	14	67	15	22	16	21	17	62	18	92	19	30	20	23	21	24	22	42	23	83	24	56	25	8	26	68	27	42	28	58	29	84	
	0	16	1	56	2	5	3	81	4	69	5	51	6	90	7	67	8	40	9	86	10	9	11	63	12	56	13	34	14	10	15	44	16	23	17	31	18	51	19	4	20	55	21	2	22	10	23	56	24	56	25	72	26	85	27	56	28	55	29	81	
	0	60	1	25	2	70	3	12	4	82	5	98	6	99	7	62	8	73	9	29	10	26	11	7	12	60	13	50	14	29	15	36	16	87	17	42	18	27	19	51	20	70	21	70	22	62	23	10	24	97	25	76	26	27	27	46	28	88	29	51	
	0	30	1	80	2	11	3	99	4	6	5	69	6	71	7	72	8	67	9	20	10	21	11	32	12	28	13	90	14	91	15	79	16	4	17	74	18	49	19	19	20	85	21	63	22	41	23	14	24	12	25	90	26	36	27	31	28	95	29	40	
	0	29	1	66	2	34	3	1	4	39	5	60	6	58	7	13	8	50	9	91	10	99	11	35	12	27	13	88	14	81	15	84	16	59	17	58	18	22	19	34	20	14	21	18	22	35	23	43	24	97	25	24	26	60	27	73	28	18	29	26	
	0	58	1	31	2	23	3	78	4	98	5	14	6	35	7	70	8	16	9	93	10	76	11	87	12	69	13	37	14	70	15	89	16	57	17	1	18	66	19	46	20	85	21	30	22	54	23	92	24	82	25	89	26	98	27	58	28	12	29	9	
	0	55	1	7	2	90	3	31	4	48	5	76	6	98	7	13	8	15	9	80	10	24	11	80	12	42	13	91	14	28	15	36	16	46	17	72	18	26	19	48	20	13	21	73	22	46	23	68	24	36	25	52	26	17	27	20	28	41	29	62	
	0	60	1	81	2	3	3	68	4	3	5	55	6	2	7	7	8	62	9	29	10	99	11	27	12	23	13	19	14	86	15	36	16	25	17	82	18	28	19	92	20	30	21	58	22	88	23	65	24	86	25	30	26	80	27	18	28	73	29	38	
	0	60	1	21	2	82	3	93	4	91	5	65	6	63	7	79	8	79	9	46	10	90	11	57	12	96	13	53	14	81	15	61	16	49	17	10	18	18	19	57	20	3	21	42	22	73	23	63	24	34	25	23	26	88	27	91	28	59	29	14	
	0	62	1	88	2	83	3	55	4	87	5	45	6	51	7	20	8	24	9	64	10	53	11	72	12	38	13	99	14	94	15	80	16	38	17	87	18	51	19	81	20	36	21	55	22	48	23	69	24	49	25	41	26	85	27	46	28	60	29	94	
	0	88	1	77	2	63	3	53	4	4	5	12	6	68	7	61	8	94	9	75	10	79	11	34	12	13	13	10	14	91	15	50	16	32	17	8	18	97	19	64	20	71	21	45	22	56	23	6	24	18	25	84	26	32	27	99	28	80	29	16	
	0	58	1	9	2	47	3	2	4	29	5	65	6	26	7	88	8	52	9	26	10	84	11	57	12	47	13	88	14	63	15	44	16	67	17	9	18	38	19	75	20	51	21	42	22	63	23	89	24	97	25	84	26	30	27	34	28	38	29	87	
	0	78	1	63	2	94	3	95	4	37	5	13	6	96	7	61	8	29	9	34	10	63	11	58	12	82	13	99	14	97	15	59	16	15	17	25	18	68	19	30	20	61	21	39	22	83	23	77	24	98	25	82	26	39	27	64	28	19	29	36	
	0	9	1	69	2	69	3	52	4	57	5	96	6	66	7	74	8	19	9	25	10	84	11	79	12	65	13	58	14	51	15	27	16	20	17	78	18	57	19	7	20	97	21	44	22	80	23	7	24	95	25	6	26	63	27	72	28	82	29	97	
	0	65	1	4	2	39	3	78	4	27	5	6	6	5	7	55	8	85	9	2	10	55	11	92	12	61	13	15	14	90	15	90	16	47	17	55	18	2	19	42	20	13	21	84	22	70	23	31	24	43	25	68	26	92	27	89	28	40	29	11	
	0	6	1	9	2	20	3	33	4	72	5	14	6	5	7	83	8	88	9	98	10	94	11	40	12	20	13	47	14	94	15	21	16	90	17	70	18	3	19	30	20	69	21	90	22	79	23	53	24	56	25	15	26	83	27	88	28	25	29	57	
	0	63	1	86	2	56	3	99	4	38	5	60	6	94	7	36	8	84	9	5	10	85	11	32	12	45	13	80	14	89	15	21	16	100	17	63	18	6	19	7	20	90	21	1	22	97	23	23	24	34	25	81	26	57	27	39	28	83	29	29	
	0	20	1	78	2	37	3	99	4	27	5	62	6	8	7	51	8	34	9	96	10	6	11	33	12	52	13	21	14	79	15	87	16	95	17	87	18	36	19	87	20	33	21	43	22	53	23	91	24	56	25	56	26	100	27	82	28	19	29	33	
	0	100	1	86	2	14	3	25	4	26	5	72	6	38	7	24	8	100	9	100	10	19	11	27	12	60	13	55	14	21	15	85	16	32	17	80	18	38	19	1	20	24	21	70	22	98	23	55	24	47	25	72	26	47	27	30	28	19	29	62	
	0	69	1	4	2	73	3	16	4	38	5	66	6	30	7	70	8	95	9	88	10	45	11	6	12	39	13	37	14	10	15	47	16	84	17	12	18	50	19	19	20	57	21	97	22	57	23	40	24	23	25	91	26	97	27	16	28	77	29	80	
	0	77	1	78	2	99	3	68	4	86	5	26	6	97	7	100	8	17	9	88	10	41	11	94	12	48	13	78	14	67	15	93	16	7	17	20	18	74	19	42	20	80	21	89	22	25	23	38	24	34	25	32	26	16	27	76	28	34	29	84	
	0	96	1	71	2	88	3	6	4	77	5	61	6	92	7	76	8	11	9	76	10	75	11	72	12	49	13	50	14	28	15	99	16	27	17	64	18	77	19	36	20	62	21	23	22	31	23	80	24	34	25	34	26	17	27	19	28	79	29	8	
	0	78	1	99	2	97	3	51	4	33	5	22	6	39	7	83	8	47	9	98	10	92	11	49	12	12	13	36	14	57	15	76	16	26	17	73	18	74	19	25	20	59	21	89	22	59	23	43	24	57	25	2	26	67	27	53	28	5	29	37	