200 50 1
50
	0	94	1	71	2	71	3	63	4	17	5	97	6	94	7	29	8	35	9	34	10	72	11	22	12	68	13	34	14	50	15	28	16	100	17	91	18	73	19	75	20	18	21	16	22	6	23	76	24	79	25	32	26	31	27	39	28	71	29	52	30	35	31	65	32	28	33	51	34	71	35	63	36	36	37	67	38	65	39	14	40	72	41	70	42	50	43	92	44	31	45	69	46	81	47	97	48	55	49	74	
	0	23	1	67	2	45	3	29	4	58	5	32	6	40	7	51	8	86	9	33	10	12	11	30	12	18	13	65	14	50	15	53	16	72	17	40	18	19	19	68	20	36	21	54	22	11	23	50	24	91	25	100	26	15	27	23	28	33	29	20	30	70	31	81	32	4	33	54	34	25	35	18	36	4	37	72	38	2	39	55	40	29	41	88	42	8	43	57	44	100	45	97	46	98	47	61	48	67	49	22	
	0	61	1	16	2	59	3	55	4	32	5	72	6	31	7	18	8	83	9	49	10	42	11	83	12	48	13	31	14	37	15	93	16	71	17	97	18	1	19	72	20	39	21	97	22	25	23	31	24	94	25	18	26	49	27	90	28	6	29	11	30	95	31	22	32	19	33	54	34	49	35	94	36	87	37	89	38	12	39	34	40	28	41	62	42	16	43	44	44	73	45	34	46	42	47	50	48	50	49	67	
	0	55	1	27	2	33	3	31	4	74	5	86	6	23	7	45	8	25	9	36	10	68	11	100	12	12	13	67	14	97	15	98	16	36	17	15	18	40	19	2	20	28	21	1	22	30	23	83	24	43	25	8	26	37	27	13	28	22	29	15	30	87	31	59	32	19	33	82	34	67	35	50	36	6	37	81	38	91	39	33	40	56	41	19	42	16	43	78	44	95	45	45	46	55	47	49	48	43	49	61	
	0	36	1	73	2	15	3	62	4	89	5	7	6	15	7	70	8	100	9	96	10	29	11	96	12	66	13	87	14	81	15	81	16	25	17	79	18	84	19	13	20	37	21	46	22	62	23	55	24	100	25	98	26	12	27	72	28	12	29	71	30	37	31	34	32	22	33	12	34	68	35	22	36	8	37	11	38	91	39	4	40	18	41	90	42	83	43	3	44	62	45	99	46	13	47	24	48	56	49	8	
	0	41	1	45	2	70	3	49	4	66	5	59	6	45	7	80	8	94	9	93	10	72	11	39	12	96	13	72	14	9	15	85	16	59	17	67	18	59	19	66	20	81	21	68	22	72	23	29	24	57	25	82	26	84	27	40	28	23	29	86	30	82	31	75	32	23	33	53	34	14	35	82	36	98	37	20	38	72	39	37	40	9	41	83	42	89	43	50	44	42	45	8	46	3	47	85	48	65	49	43	
	0	36	1	85	2	47	3	59	4	96	5	4	6	39	7	44	8	96	9	57	10	27	11	61	12	41	13	50	14	74	15	46	16	28	17	72	18	68	19	14	20	76	21	15	22	41	23	98	24	97	25	63	26	60	27	2	28	92	29	81	30	13	31	90	32	81	33	44	34	94	35	81	36	100	37	7	38	44	39	78	40	41	41	79	42	60	43	3	44	55	45	35	46	24	47	55	48	61	49	80	
	0	65	1	65	2	77	3	4	4	32	5	27	6	85	7	91	8	62	9	49	10	70	11	92	12	23	13	62	14	75	15	66	16	35	17	10	18	23	19	74	20	68	21	6	22	57	23	34	24	12	25	33	26	94	27	72	28	84	29	80	30	25	31	21	32	1	33	88	34	35	35	14	36	51	37	69	38	44	39	69	40	40	41	6	42	26	43	5	44	80	45	41	46	89	47	95	48	16	49	73	
	0	45	1	21	2	23	3	50	4	21	5	21	6	1	7	71	8	13	9	55	10	3	11	57	12	27	13	100	14	24	15	44	16	74	17	39	18	56	19	92	20	7	21	38	22	90	23	54	24	57	25	62	26	47	27	94	28	88	29	80	30	94	31	79	32	47	33	48	34	34	35	70	36	68	37	12	38	85	39	64	40	72	41	50	42	75	43	47	44	8	45	52	46	6	47	73	48	82	49	89	
	0	74	1	8	2	98	3	1	4	32	5	82	6	42	7	13	8	1	9	97	10	20	11	93	12	61	13	20	14	91	15	35	16	49	17	44	18	60	19	68	20	38	21	89	22	56	23	75	24	52	25	25	26	23	27	38	28	79	29	83	30	60	31	70	32	66	33	18	34	36	35	35	36	30	37	89	38	13	39	28	40	21	41	59	42	80	43	5	44	20	45	48	46	23	47	86	48	23	49	22	
	0	49	1	53	2	73	3	10	4	55	5	41	6	20	7	99	8	22	9	73	10	47	11	70	12	59	13	36	14	63	15	77	16	2	17	79	18	11	19	21	20	6	21	14	22	4	23	39	24	77	25	56	26	25	27	42	28	54	29	33	30	12	31	83	32	85	33	62	34	50	35	55	36	3	37	36	38	30	39	46	40	86	41	82	42	94	43	97	44	50	45	69	46	41	47	89	48	48	49	42	
	0	13	1	80	2	33	3	7	4	5	5	85	6	31	7	88	8	39	9	11	10	27	11	88	12	37	13	4	14	46	15	40	16	1	17	4	18	27	19	3	20	11	21	93	22	2	23	53	24	83	25	5	26	51	27	44	28	25	29	79	30	69	31	67	32	50	33	52	34	75	35	26	36	32	37	58	38	1	39	90	40	33	41	15	42	13	43	99	44	69	45	83	46	56	47	30	48	46	49	76	
	0	99	1	72	2	41	3	96	4	44	5	21	6	88	7	74	8	22	9	36	10	54	11	6	12	90	13	75	14	48	15	73	16	94	17	17	18	70	19	72	20	60	21	1	22	61	23	78	24	5	25	51	26	60	27	82	28	44	29	89	30	1	31	8	32	55	33	54	34	24	35	3	36	57	37	42	38	63	39	24	40	69	41	75	42	5	43	46	44	38	45	14	46	93	47	57	48	20	49	43	
	0	78	1	29	2	56	3	90	4	93	5	24	6	92	7	78	8	31	9	16	10	34	11	56	12	90	13	20	14	67	15	97	16	39	17	59	18	36	19	93	20	10	21	66	22	73	23	68	24	65	25	3	26	91	27	91	28	18	29	6	30	56	31	8	32	37	33	17	34	44	35	56	36	43	37	4	38	55	39	69	40	73	41	22	42	62	43	24	44	80	45	4	46	76	47	49	48	62	49	7	
	0	47	1	70	2	23	3	38	4	27	5	46	6	15	7	66	8	15	9	7	10	35	11	97	12	10	13	56	14	74	15	94	16	81	17	12	18	13	19	99	20	32	21	84	22	23	23	55	24	87	25	64	26	57	27	67	28	84	29	66	30	78	31	15	32	59	33	16	34	79	35	94	36	90	37	11	38	57	39	38	40	66	41	13	42	60	43	38	44	82	45	31	46	81	47	6	48	87	49	21	
	0	16	1	57	2	93	3	64	4	96	5	83	6	50	7	17	8	63	9	59	10	5	11	4	12	34	13	24	14	31	15	87	16	10	17	35	18	50	19	46	20	98	21	23	22	2	23	37	24	81	25	53	26	52	27	5	28	3	29	64	30	53	31	93	32	32	33	54	34	37	35	95	36	45	37	10	38	75	39	10	40	48	41	82	42	70	43	91	44	98	45	92	46	73	47	5	48	76	49	72	
	0	23	1	15	2	4	3	97	4	36	5	32	6	82	7	93	8	57	9	42	10	83	11	69	12	28	13	56	14	65	15	94	16	81	17	74	18	29	19	73	20	5	21	80	22	22	23	88	24	3	25	23	26	67	27	78	28	78	29	87	30	5	31	7	32	33	33	34	34	27	35	5	36	63	37	26	38	94	39	23	40	60	41	18	42	21	43	11	44	8	45	55	46	66	47	40	48	67	49	82	
	0	52	1	47	2	1	3	35	4	18	5	27	6	37	7	20	8	8	9	71	10	53	11	31	12	100	13	82	14	44	15	7	16	71	17	58	18	21	19	58	20	11	21	75	22	28	23	65	24	82	25	36	26	88	27	65	28	93	29	29	30	100	31	93	32	19	33	60	34	2	35	86	36	100	37	61	38	54	39	26	40	74	41	53	42	87	43	21	44	59	45	38	46	21	47	74	48	37	49	29	
	0	83	1	69	2	28	3	41	4	7	5	91	6	90	7	8	8	81	9	95	10	17	11	5	12	13	13	17	14	49	15	8	16	66	17	33	18	56	19	84	20	40	21	37	22	84	23	63	24	32	25	68	26	97	27	67	28	91	29	23	30	28	31	4	32	81	33	58	34	96	35	29	36	17	37	8	38	40	39	73	40	91	41	49	42	9	43	99	44	5	45	92	46	74	47	100	48	70	49	37	
	0	66	1	70	2	13	3	61	4	83	5	37	6	15	7	49	8	5	9	48	10	86	11	70	12	17	13	65	14	2	15	78	16	56	17	50	18	80	19	52	20	72	21	45	22	53	23	66	24	35	25	85	26	72	27	44	28	87	29	91	30	33	31	34	32	2	33	19	34	15	35	66	36	78	37	99	38	29	39	72	40	41	41	42	42	90	43	51	44	7	45	27	46	79	47	12	48	77	49	29	
	0	17	1	99	2	59	3	67	4	40	5	87	6	37	7	61	8	86	9	35	10	60	11	90	12	53	13	3	14	11	15	73	16	57	17	56	18	81	19	50	20	90	21	79	22	19	23	13	24	43	25	74	26	55	27	83	28	99	29	57	30	29	31	90	32	61	33	18	34	88	35	92	36	15	37	43	38	48	39	24	40	39	41	7	42	35	43	7	44	19	45	96	46	43	47	90	48	11	49	36	
	0	49	1	25	2	65	3	45	4	28	5	61	6	37	7	43	8	40	9	19	10	3	11	41	12	13	13	69	14	39	15	87	16	83	17	74	18	19	19	62	20	16	21	14	22	32	23	63	24	35	25	100	26	74	27	71	28	36	29	87	30	98	31	100	32	17	33	12	34	43	35	40	36	96	37	34	38	49	39	42	40	98	41	9	42	7	43	79	44	25	45	49	46	39	47	83	48	45	49	91	
	0	44	1	18	2	18	3	50	4	11	5	42	6	13	7	80	8	28	9	13	10	56	11	40	12	32	13	65	14	41	15	60	16	60	17	8	18	91	19	95	20	49	21	31	22	54	23	37	24	59	25	83	26	21	27	24	28	33	29	42	30	97	31	43	32	94	33	20	34	35	35	38	36	74	37	54	38	15	39	64	40	2	41	1	42	57	43	49	44	23	45	79	46	70	47	56	48	11	49	2	
	0	97	1	26	2	83	3	19	4	43	5	53	6	22	7	62	8	76	9	32	10	81	11	41	12	56	13	36	14	84	15	63	16	30	17	68	18	100	19	26	20	69	21	22	22	71	23	76	24	32	25	69	26	2	27	59	28	40	29	76	30	29	31	78	32	14	33	77	34	6	35	68	36	74	37	75	38	100	39	100	40	88	41	69	42	51	43	90	44	37	45	36	46	27	47	20	48	66	49	85	
	0	73	1	73	2	5	3	88	4	53	5	13	6	34	7	93	8	81	9	23	10	86	11	1	12	94	13	15	14	94	15	64	16	38	17	15	18	2	19	26	20	31	21	92	22	16	23	29	24	16	25	63	26	100	27	6	28	50	29	34	30	27	31	56	32	13	33	5	34	98	35	74	36	77	37	61	38	89	39	13	40	44	41	5	42	32	43	85	44	9	45	65	46	72	47	57	48	32	49	56	
	0	47	1	15	2	61	3	70	4	31	5	10	6	11	7	34	8	74	9	71	10	62	11	11	12	8	13	95	14	44	15	53	16	17	17	2	18	26	19	63	20	46	21	81	22	83	23	79	24	58	25	58	26	67	27	10	28	90	29	6	30	14	31	28	32	26	33	41	34	63	35	19	36	54	37	62	38	75	39	40	40	74	41	57	42	43	43	55	44	27	45	92	46	43	47	69	48	48	49	42	
	0	77	1	17	2	32	3	37	4	6	5	3	6	73	7	32	8	16	9	79	10	82	11	76	12	74	13	29	14	74	15	8	16	64	17	31	18	30	19	35	20	62	21	14	22	49	23	18	24	73	25	15	26	62	27	60	28	13	29	69	30	31	31	61	32	34	33	47	34	37	35	52	36	82	37	19	38	93	39	77	40	27	41	66	42	46	43	55	44	86	45	84	46	100	47	72	48	29	49	53	
	0	9	1	29	2	60	3	82	4	14	5	81	6	63	7	62	8	27	9	71	10	73	11	37	12	56	13	72	14	52	15	26	16	28	17	31	18	70	19	45	20	88	21	59	22	13	23	43	24	100	25	35	26	88	27	98	28	99	29	53	30	58	31	90	32	68	33	6	34	95	35	2	36	74	37	23	38	53	39	81	40	48	41	12	42	5	43	5	44	98	45	9	46	64	47	9	48	32	49	34	
	0	38	1	95	2	25	3	61	4	38	5	81	6	73	7	52	8	27	9	33	10	27	11	72	12	6	13	33	14	75	15	24	16	52	17	37	18	76	19	31	20	9	21	4	22	50	23	97	24	93	25	73	26	86	27	54	28	86	29	17	30	91	31	93	32	6	33	99	34	5	35	84	36	85	37	89	38	49	39	1	40	12	41	3	42	21	43	12	44	18	45	87	46	42	47	100	48	72	49	86	
	0	52	1	81	2	53	3	90	4	41	5	24	6	55	7	49	8	18	9	63	10	25	11	74	12	95	13	67	14	26	15	79	16	46	17	54	18	23	19	62	20	32	21	75	22	45	23	26	24	20	25	2	26	50	27	95	28	97	29	6	30	6	31	15	32	39	33	1	34	26	35	59	36	77	37	94	38	20	39	1	40	78	41	22	42	86	43	99	44	97	45	89	46	98	47	29	48	24	49	73	
	0	23	1	41	2	10	3	58	4	64	5	96	6	9	7	8	8	9	9	98	10	68	11	26	12	6	13	55	14	100	15	16	16	95	17	24	18	74	19	55	20	97	21	21	22	69	23	97	24	1	25	69	26	70	27	87	28	75	29	24	30	98	31	85	32	63	33	78	34	3	35	53	36	39	37	19	38	43	39	28	40	96	41	35	42	86	43	47	44	80	45	33	46	7	47	17	48	53	49	65	
	0	63	1	62	2	1	3	25	4	71	5	47	6	21	7	3	8	84	9	61	10	84	11	4	12	44	13	60	14	92	15	23	16	54	17	22	18	44	19	5	20	42	21	66	22	51	23	51	24	69	25	26	26	76	27	79	28	41	29	52	30	80	31	61	32	2	33	36	34	96	35	65	36	8	37	1	38	99	39	37	40	72	41	27	42	100	43	96	44	78	45	60	46	53	47	15	48	57	49	39	
	0	50	1	93	2	31	3	24	4	61	5	78	6	15	7	75	8	67	9	20	10	86	11	57	12	71	13	61	14	90	15	5	16	62	17	85	18	34	19	41	20	59	21	85	22	82	23	72	24	93	25	30	26	41	27	40	28	32	29	84	30	18	31	25	32	13	33	58	34	42	35	28	36	11	37	19	38	70	39	82	40	31	41	40	42	4	43	9	44	31	45	64	46	74	47	1	48	39	49	89	
	0	34	1	93	2	48	3	48	4	97	5	73	6	19	7	61	8	9	9	45	10	70	11	66	12	59	13	43	14	50	15	26	16	61	17	49	18	9	19	26	20	8	21	42	22	42	23	22	24	58	25	11	26	20	27	39	28	19	29	28	30	67	31	2	32	46	33	84	34	23	35	49	36	7	37	26	38	24	39	53	40	29	41	1	42	86	43	78	44	62	45	63	46	7	47	56	48	38	49	84	
	0	46	1	60	2	94	3	33	4	79	5	40	6	41	7	43	8	69	9	97	10	18	11	77	12	71	13	34	14	1	15	3	16	20	17	9	18	43	19	43	20	57	21	78	22	69	23	86	24	70	25	8	26	52	27	43	28	18	29	80	30	45	31	19	32	83	33	9	34	56	35	49	36	10	37	97	38	35	39	66	40	7	41	11	42	61	43	37	44	58	45	50	46	64	47	17	48	22	49	27	
	0	8	1	99	2	3	3	4	4	58	5	59	6	51	7	7	8	14	9	40	10	1	11	21	12	37	13	4	14	20	15	28	16	82	17	63	18	3	19	45	20	3	21	79	22	42	23	92	24	97	25	96	26	60	27	86	28	14	29	10	30	34	31	21	32	88	33	68	34	45	35	67	36	27	37	9	38	8	39	56	40	42	41	82	42	98	43	57	44	26	45	58	46	96	47	94	48	32	49	30	
	0	94	1	36	2	18	3	62	4	17	5	93	6	58	7	2	8	33	9	31	10	24	11	18	12	24	13	19	14	33	15	80	16	27	17	23	18	48	19	11	20	23	21	78	22	5	23	1	24	1	25	63	26	1	27	90	28	20	29	90	30	78	31	92	32	44	33	70	34	31	35	12	36	17	37	90	38	68	39	74	40	65	41	79	42	16	43	90	44	27	45	10	46	88	47	40	48	85	49	84	
	0	62	1	65	2	85	3	25	4	10	5	4	6	12	7	59	8	49	9	51	10	79	11	72	12	47	13	19	14	100	15	83	16	63	17	83	18	89	19	38	20	75	21	86	22	64	23	24	24	33	25	85	26	96	27	45	28	49	29	67	30	63	31	90	32	72	33	35	34	9	35	23	36	43	37	100	38	20	39	37	40	94	41	41	42	91	43	14	44	61	45	32	46	37	47	99	48	53	49	25	
	0	35	1	37	2	54	3	32	4	79	5	24	6	12	7	99	8	22	9	49	10	41	11	75	12	81	13	57	14	67	15	10	16	28	17	13	18	67	19	41	20	26	21	73	22	73	23	64	24	9	25	93	26	19	27	91	28	77	29	94	30	65	31	94	32	49	33	96	34	3	35	33	36	100	37	84	38	4	39	44	40	26	41	74	42	93	43	98	44	60	45	17	46	6	47	77	48	62	49	34	
	0	77	1	51	2	52	3	87	4	86	5	77	6	44	7	20	8	12	9	11	10	64	11	52	12	56	13	72	14	83	15	91	16	88	17	4	18	69	19	85	20	26	21	85	22	24	23	31	24	44	25	89	26	95	27	86	28	90	29	24	30	10	31	79	32	91	33	5	34	100	35	95	36	23	37	31	38	30	39	64	40	61	41	58	42	64	43	62	44	9	45	9	46	62	47	29	48	91	49	79	
	0	1	1	65	2	60	3	37	4	36	5	97	6	13	7	71	8	66	9	60	10	90	11	31	12	65	13	3	14	75	15	33	16	33	17	85	18	79	19	74	20	4	21	72	22	18	23	58	24	58	25	70	26	61	27	100	28	22	29	98	30	58	31	88	32	88	33	98	34	45	35	33	36	9	37	55	38	36	39	74	40	25	41	59	42	70	43	63	44	15	45	100	46	7	47	5	48	28	49	49	
	0	83	1	86	2	93	3	22	4	84	5	96	6	71	7	13	8	71	9	5	10	47	11	87	12	6	13	4	14	78	15	39	16	50	17	23	18	56	19	17	20	36	21	92	22	20	23	32	24	51	25	39	26	44	27	30	28	81	29	58	30	23	31	91	32	29	33	20	34	91	35	70	36	61	37	84	38	50	39	63	40	60	41	65	42	32	43	28	44	20	45	75	46	44	47	3	48	14	49	25	
	0	52	1	72	2	87	3	54	4	99	5	69	6	92	7	56	8	31	9	82	10	6	11	71	12	7	13	39	14	60	15	83	16	67	17	5	18	2	19	1	20	99	21	5	22	94	23	15	24	42	25	8	26	50	27	76	28	100	29	4	30	34	31	34	32	78	33	64	34	95	35	68	36	3	37	79	38	89	39	48	40	12	41	51	42	74	43	46	44	1	45	74	46	1	47	75	48	52	49	66	
	0	54	1	8	2	42	3	69	4	16	5	99	6	60	7	20	8	25	9	73	10	92	11	97	12	97	13	99	14	46	15	52	16	14	17	98	18	38	19	62	20	11	21	29	22	29	23	38	24	89	25	97	26	12	27	26	28	11	29	9	30	4	31	94	32	55	33	1	34	51	35	48	36	75	37	54	38	3	39	11	40	45	41	76	42	55	43	21	44	59	45	98	46	68	47	5	48	62	49	39	
	0	90	1	43	2	34	3	42	4	24	5	3	6	79	7	29	8	16	9	88	10	19	11	48	12	12	13	25	14	52	15	64	16	10	17	75	18	37	19	71	20	51	21	90	22	49	23	14	24	21	25	42	26	1	27	81	28	35	29	58	30	40	31	80	32	58	33	28	34	29	35	32	36	93	37	77	38	23	39	26	40	81	41	28	42	32	43	64	44	63	45	22	46	100	47	33	48	76	49	80	
	0	98	1	50	2	44	3	68	4	63	5	58	6	78	7	99	8	34	9	24	10	68	11	28	12	12	13	45	14	34	15	47	16	96	17	74	18	41	19	84	20	11	21	99	22	19	23	83	24	86	25	77	26	74	27	18	28	65	29	91	30	32	31	4	32	49	33	95	34	21	35	10	36	58	37	58	38	75	39	96	40	55	41	25	42	26	43	27	44	38	45	30	46	66	47	70	48	35	49	32	
	0	76	1	46	2	97	3	78	4	63	5	59	6	58	7	56	8	57	9	24	10	57	11	31	12	1	13	56	14	10	15	95	16	3	17	83	18	57	19	20	20	94	21	9	22	79	23	98	24	98	25	33	26	74	27	27	28	47	29	74	30	91	31	62	32	6	33	56	34	23	35	33	36	31	37	45	38	19	39	44	40	11	41	56	42	34	43	17	44	93	45	58	46	26	47	21	48	49	49	44	
	0	53	1	13	2	13	3	33	4	66	5	18	6	48	7	25	8	16	9	75	10	40	11	24	12	64	13	12	14	90	15	60	16	11	17	13	18	89	19	46	20	70	21	13	22	6	23	80	24	66	25	81	26	52	27	52	28	24	29	1	30	16	31	85	32	55	33	65	34	75	35	38	36	57	37	98	38	91	39	93	40	11	41	71	42	96	43	3	44	92	45	55	46	37	47	10	48	6	49	61	
	0	96	1	28	2	90	3	28	4	83	5	69	6	30	7	34	8	96	9	80	10	60	11	48	12	40	13	85	14	9	15	23	16	56	17	15	18	71	19	44	20	24	21	53	22	29	23	95	24	93	25	2	26	66	27	58	28	51	29	9	30	5	31	27	32	40	33	65	34	32	35	96	36	1	37	93	38	66	39	78	40	14	41	32	42	15	43	68	44	8	45	28	46	56	47	61	48	96	49	88	
	0	25	1	58	2	95	3	62	4	68	5	39	6	70	7	87	8	7	9	58	10	23	11	50	12	70	13	77	14	77	15	31	16	34	17	77	18	94	19	52	20	6	21	3	22	99	23	75	24	61	25	7	26	29	27	23	28	100	29	61	30	71	31	25	32	66	33	64	34	63	35	32	36	2	37	6	38	31	39	36	40	77	41	66	42	86	43	12	44	26	45	96	46	88	47	68	48	71	49	79	
	0	86	1	54	2	26	3	6	4	26	5	80	6	64	7	21	8	31	9	10	10	13	11	80	12	26	13	42	14	74	15	64	16	5	17	66	18	9	19	81	20	49	21	27	22	56	23	62	24	4	25	40	26	69	27	84	28	91	29	50	30	72	31	7	32	3	33	25	34	61	35	90	36	35	37	97	38	90	39	56	40	34	41	20	42	11	43	41	44	95	45	67	46	34	47	4	48	13	49	29	
	0	10	1	88	2	94	3	47	4	79	5	94	6	12	7	10	8	30	9	41	10	44	11	39	12	31	13	4	14	99	15	88	16	97	17	77	18	10	19	81	20	15	21	50	22	89	23	50	24	6	25	18	26	8	27	100	28	10	29	39	30	38	31	40	32	37	33	43	34	44	35	83	36	34	37	98	38	23	39	16	40	59	41	10	42	26	43	77	44	36	45	46	46	38	47	49	48	25	49	65	
	0	39	1	43	2	50	3	63	4	76	5	43	6	89	7	37	8	48	9	82	10	52	11	66	12	21	13	7	14	74	15	90	16	38	17	61	18	85	19	23	20	8	21	77	22	19	23	48	24	73	25	62	26	34	27	78	28	78	29	52	30	72	31	83	32	95	33	29	34	87	35	77	36	57	37	79	38	86	39	23	40	67	41	63	42	66	43	59	44	78	45	84	46	29	47	64	48	96	49	48	
	0	61	1	48	2	48	3	39	4	97	5	51	6	41	7	77	8	17	9	47	10	49	11	66	12	95	13	55	14	88	15	10	16	35	17	90	18	50	19	56	20	79	21	20	22	61	23	60	24	92	25	32	26	64	27	96	28	62	29	26	30	50	31	56	32	26	33	70	34	71	35	2	36	27	37	63	38	18	39	41	40	54	41	41	42	19	43	63	44	55	45	56	46	80	47	46	48	77	49	69	
	0	11	1	3	2	30	3	88	4	27	5	93	6	9	7	28	8	36	9	30	10	61	11	88	12	28	13	9	14	67	15	15	16	97	17	43	18	19	19	47	20	73	21	68	22	76	23	12	24	33	25	94	26	46	27	19	28	46	29	25	30	94	31	6	32	34	33	35	34	49	35	98	36	43	37	42	38	49	39	8	40	26	41	7	42	73	43	70	44	51	45	11	46	64	47	61	48	21	49	74	
	0	22	1	33	2	88	3	45	4	15	5	57	6	71	7	51	8	57	9	1	10	18	11	59	12	89	13	26	14	93	15	6	16	17	17	43	18	87	19	32	20	81	21	59	22	69	23	30	24	64	25	56	26	85	27	86	28	14	29	68	30	20	31	78	32	20	33	11	34	53	35	68	36	4	37	87	38	65	39	83	40	44	41	27	42	88	43	20	44	66	45	40	46	28	47	96	48	54	49	35	
	0	22	1	97	2	20	3	1	4	66	5	24	6	56	7	25	8	100	9	57	10	100	11	34	12	73	13	88	14	77	15	25	16	11	17	52	18	26	19	50	20	14	21	82	22	79	23	72	24	8	25	32	26	98	27	72	28	8	29	34	30	48	31	38	32	64	33	74	34	26	35	18	36	8	37	40	38	46	39	34	40	51	41	58	42	62	43	25	44	65	45	55	46	57	47	21	48	42	49	99	
	0	62	1	2	2	7	3	87	4	22	5	3	6	23	7	87	8	60	9	18	10	41	11	71	12	83	13	67	14	25	15	64	16	60	17	79	18	17	19	4	20	15	21	23	22	2	23	20	24	17	25	44	26	20	27	43	28	44	29	1	30	91	31	28	32	7	33	64	34	64	35	19	36	40	37	43	38	64	39	33	40	73	41	19	42	11	43	44	44	3	45	100	46	41	47	69	48	14	49	91	
	0	7	1	28	2	57	3	75	4	17	5	4	6	65	7	35	8	85	9	78	10	50	11	23	12	20	13	67	14	74	15	43	16	52	17	1	18	31	19	85	20	30	21	82	22	12	23	90	24	53	25	9	26	48	27	83	28	65	29	35	30	38	31	38	32	18	33	81	34	57	35	96	36	53	37	48	38	56	39	67	40	77	41	93	42	46	43	97	44	34	45	32	46	62	47	84	48	48	49	30	
	0	33	1	49	2	71	3	90	4	9	5	87	6	80	7	45	8	29	9	93	10	95	11	16	12	26	13	4	14	3	15	47	16	35	17	40	18	76	19	73	20	56	21	39	22	64	23	71	24	58	25	59	26	98	27	31	28	79	29	25	30	15	31	49	32	88	33	46	34	63	35	1	36	45	37	51	38	72	39	36	40	12	41	25	42	81	43	82	44	58	45	30	46	54	47	5	48	75	49	84	
	0	68	1	3	2	45	3	99	4	50	5	61	6	76	7	27	8	95	9	24	10	62	11	8	12	74	13	83	14	30	15	81	16	80	17	71	18	71	19	81	20	28	21	75	22	31	23	57	24	58	25	35	26	21	27	7	28	79	29	7	30	1	31	16	32	56	33	66	34	78	35	52	36	14	37	78	38	66	39	87	40	29	41	7	42	6	43	24	44	49	45	3	46	96	47	27	48	15	49	8	
	0	60	1	29	2	77	3	34	4	39	5	51	6	2	7	21	8	91	9	52	10	5	11	62	12	68	13	83	14	96	15	94	16	87	17	37	18	44	19	4	20	18	21	52	22	64	23	56	24	47	25	6	26	36	27	6	28	11	29	65	30	97	31	28	32	55	33	39	34	58	35	24	36	81	37	80	38	74	39	50	40	89	41	67	42	1	43	74	44	86	45	66	46	56	47	39	48	37	49	26	
	0	22	1	55	2	77	3	86	4	49	5	31	6	2	7	36	8	18	9	99	10	21	11	74	12	97	13	92	14	52	15	92	16	5	17	14	18	19	19	48	20	24	21	4	22	86	23	46	24	58	25	86	26	41	27	89	28	81	29	38	30	71	31	35	32	54	33	16	34	71	35	45	36	42	37	45	38	99	39	68	40	48	41	71	42	35	43	65	44	43	45	98	46	8	47	51	48	91	49	79	
	0	26	1	22	2	94	3	74	4	43	5	88	6	57	7	27	8	87	9	80	10	37	11	89	12	58	13	1	14	64	15	62	16	24	17	96	18	65	19	12	20	81	21	86	22	73	23	66	24	36	25	61	26	19	27	63	28	90	29	60	30	55	31	23	32	22	33	19	34	30	35	11	36	11	37	78	38	86	39	64	40	18	41	55	42	46	43	45	44	36	45	74	46	62	47	22	48	44	49	32	
	0	5	1	37	2	100	3	72	4	78	5	83	6	14	7	47	8	73	9	64	10	63	11	12	12	3	13	24	14	95	15	60	16	90	17	21	18	94	19	74	20	29	21	66	22	79	23	97	24	95	25	99	26	64	27	81	28	90	29	76	30	87	31	53	32	10	33	84	34	24	35	52	36	67	37	82	38	24	39	43	40	53	41	91	42	10	43	34	44	64	45	51	46	52	47	90	48	5	49	67	
	0	89	1	50	2	85	3	12	4	54	5	20	6	84	7	81	8	56	9	95	10	92	11	43	12	5	13	95	14	4	15	57	16	38	17	17	18	72	19	28	20	49	21	4	22	64	23	93	24	31	25	18	26	69	27	11	28	51	29	32	30	44	31	21	32	75	33	66	34	90	35	59	36	95	37	26	38	21	39	37	40	12	41	26	42	58	43	44	44	86	45	6	46	19	47	41	48	58	49	8	
	0	48	1	25	2	99	3	48	4	93	5	23	6	99	7	76	8	27	9	6	10	91	11	53	12	33	13	62	14	33	15	8	16	74	17	14	18	22	19	39	20	14	21	21	22	72	23	33	24	86	25	14	26	93	27	25	28	48	29	58	30	95	31	24	32	87	33	44	34	72	35	1	36	55	37	67	38	14	39	9	40	30	41	36	42	95	43	16	44	73	45	44	46	86	47	42	48	59	49	18	
	0	59	1	93	2	99	3	90	4	41	5	88	6	36	7	89	8	20	9	77	10	53	11	93	12	25	13	65	14	39	15	98	16	82	17	24	18	24	19	91	20	38	21	28	22	50	23	46	24	61	25	90	26	21	27	38	28	34	29	79	30	10	31	19	32	58	33	86	34	97	35	73	36	67	37	28	38	33	39	90	40	57	41	54	42	88	43	31	44	64	45	31	46	66	47	94	48	11	49	17	
	0	8	1	45	2	21	3	25	4	70	5	79	6	43	7	47	8	100	9	52	10	86	11	28	12	78	13	16	14	95	15	95	16	51	17	77	18	29	19	40	20	21	21	81	22	29	23	44	24	100	25	46	26	89	27	98	28	29	29	9	30	36	31	39	32	25	33	67	34	51	35	60	36	51	37	28	38	50	39	74	40	90	41	86	42	81	43	47	44	16	45	49	46	13	47	60	48	13	49	21	
	0	63	1	96	2	20	3	73	4	36	5	46	6	25	7	84	8	28	9	71	10	75	11	10	12	13	13	15	14	76	15	72	16	7	17	30	18	92	19	17	20	86	21	5	22	51	23	96	24	36	25	14	26	80	27	99	28	30	29	69	30	95	31	59	32	81	33	80	34	17	35	15	36	66	37	38	38	23	39	75	40	88	41	5	42	13	43	22	44	90	45	53	46	62	47	39	48	73	49	58	
	0	74	1	17	2	47	3	42	4	63	5	10	6	74	7	85	8	17	9	34	10	36	11	65	12	13	13	25	14	60	15	1	16	85	17	54	18	67	19	82	20	54	21	37	22	45	23	1	24	15	25	88	26	35	27	13	28	42	29	58	30	66	31	37	32	85	33	24	34	13	35	82	36	55	37	88	38	43	39	94	40	4	41	21	42	84	43	66	44	19	45	81	46	44	47	90	48	68	49	59	
	0	83	1	38	2	87	3	76	4	48	5	62	6	56	7	61	8	35	9	59	10	52	11	91	12	21	13	9	14	84	15	64	16	48	17	68	18	37	19	98	20	72	21	83	22	37	23	36	24	42	25	38	26	10	27	26	28	84	29	3	30	45	31	6	32	2	33	40	34	17	35	14	36	48	37	43	38	33	39	60	40	28	41	30	42	4	43	20	44	38	45	68	46	16	47	18	48	40	49	82	
	0	11	1	28	2	80	3	11	4	83	5	80	6	95	7	45	8	73	9	3	10	32	11	9	12	17	13	62	14	72	15	54	16	40	17	69	18	21	19	55	20	62	21	86	22	21	23	11	24	42	25	100	26	38	27	1	28	41	29	32	30	8	31	38	32	92	33	10	34	24	35	11	36	71	37	57	38	69	39	49	40	63	41	82	42	80	43	63	44	23	45	3	46	28	47	5	48	12	49	11	
	0	8	1	99	2	50	3	70	4	65	5	82	6	95	7	39	8	33	9	97	10	18	11	90	12	46	13	57	14	64	15	44	16	23	17	69	18	29	19	86	20	36	21	80	22	62	23	74	24	10	25	21	26	72	27	18	28	80	29	1	30	97	31	71	32	84	33	13	34	14	35	21	36	29	37	51	38	5	39	1	40	97	41	95	42	20	43	55	44	76	45	19	46	79	47	75	48	46	49	87	
	0	56	1	100	2	74	3	16	4	90	5	95	6	99	7	55	8	4	9	46	10	66	11	14	12	15	13	25	14	66	15	60	16	14	17	11	18	2	19	98	20	42	21	17	22	13	23	35	24	79	25	60	26	44	27	96	28	54	29	57	30	75	31	100	32	49	33	66	34	14	35	22	36	61	37	81	38	93	39	54	40	79	41	4	42	76	43	40	44	11	45	80	46	85	47	65	48	73	49	7	
	0	2	1	62	2	25	3	97	4	10	5	89	6	26	7	88	8	28	9	19	10	75	11	99	12	77	13	49	14	60	15	89	16	68	17	21	18	72	19	20	20	55	21	57	22	84	23	100	24	72	25	58	26	79	27	90	28	57	29	94	30	32	31	81	32	70	33	40	34	62	35	16	36	86	37	2	38	74	39	52	40	37	41	25	42	4	43	33	44	41	45	61	46	60	47	48	48	55	49	88	
	0	84	1	95	2	14	3	88	4	64	5	25	6	43	7	37	8	29	9	18	10	15	11	41	12	30	13	51	14	82	15	64	16	29	17	62	18	61	19	24	20	19	21	83	22	67	23	90	24	36	25	48	26	82	27	48	28	82	29	56	30	33	31	54	32	8	33	20	34	33	35	31	36	42	37	96	38	1	39	81	40	24	41	32	42	31	43	41	44	17	45	98	46	70	47	54	48	98	49	35	
	0	69	1	26	2	48	3	58	4	54	5	78	6	7	7	26	8	73	9	62	10	73	11	9	12	36	13	36	14	72	15	54	16	40	17	39	18	35	19	64	20	14	21	77	22	84	23	92	24	51	25	15	26	42	27	4	28	18	29	49	30	54	31	71	32	92	33	73	34	66	35	29	36	34	37	100	38	65	39	72	40	80	41	4	42	71	43	98	44	77	45	54	46	20	47	49	48	92	49	39	
	0	31	1	38	2	82	3	71	4	53	5	25	6	41	7	66	8	36	9	69	10	85	11	10	12	76	13	78	14	58	15	55	16	77	17	47	18	43	19	70	20	27	21	63	22	66	23	45	24	41	25	27	26	52	27	87	28	44	29	33	30	61	31	28	32	1	33	9	34	40	35	57	36	32	37	5	38	81	39	22	40	5	41	52	42	89	43	93	44	39	45	64	46	6	47	63	48	40	49	92	
	0	37	1	70	2	7	3	65	4	20	5	17	6	94	7	29	8	45	9	21	10	100	11	31	12	29	13	4	14	22	15	37	16	66	17	88	18	75	19	83	20	46	21	79	22	26	23	42	24	56	25	18	26	33	27	57	28	56	29	25	30	12	31	49	32	79	33	84	34	23	35	48	36	41	37	96	38	8	39	48	40	56	41	30	42	9	43	97	44	38	45	49	46	46	47	28	48	7	49	12	
	0	8	1	55	2	80	3	30	4	7	5	90	6	12	7	29	8	74	9	73	10	85	11	46	12	88	13	82	14	31	15	66	16	37	17	62	18	46	19	7	20	80	21	11	22	73	23	43	24	42	25	64	26	16	27	91	28	9	29	4	30	22	31	64	32	50	33	29	34	28	35	66	36	79	37	53	38	11	39	13	40	48	41	81	42	25	43	40	44	22	45	94	46	79	47	35	48	19	49	89	
	0	98	1	81	2	38	3	18	4	60	5	8	6	35	7	96	8	22	9	64	10	14	11	21	12	25	13	38	14	5	15	65	16	65	17	35	18	87	19	6	20	14	21	19	22	68	23	55	24	58	25	42	26	71	27	69	28	77	29	14	30	29	31	31	32	33	33	87	34	21	35	86	36	89	37	80	38	48	39	37	40	84	41	2	42	29	43	28	44	6	45	20	46	29	47	15	48	100	49	89	
	0	30	1	86	2	69	3	27	4	27	5	88	6	38	7	77	8	10	9	20	10	35	11	76	12	49	13	66	14	84	15	47	16	38	17	79	18	99	19	8	20	37	21	43	22	19	23	40	24	72	25	76	26	14	27	47	28	90	29	52	30	40	31	97	32	13	33	85	34	64	35	13	36	28	37	32	38	53	39	91	40	93	41	27	42	98	43	60	44	16	45	89	46	86	47	35	48	80	49	28	
	0	96	1	5	2	94	3	99	4	82	5	78	6	57	7	66	8	41	9	82	10	25	11	78	12	21	13	34	14	60	15	62	16	3	17	60	18	31	19	51	20	61	21	31	22	89	23	81	24	6	25	76	26	59	27	75	28	76	29	74	30	12	31	66	32	62	33	60	34	28	35	47	36	30	37	21	38	72	39	33	40	79	41	3	42	65	43	86	44	76	45	72	46	63	47	45	48	2	49	42	
	0	40	1	6	2	41	3	69	4	70	5	71	6	59	7	74	8	85	9	18	10	45	11	97	12	74	13	56	14	34	15	28	16	69	17	92	18	54	19	72	20	87	21	6	22	100	23	76	24	33	25	8	26	68	27	36	28	65	29	67	30	53	31	77	32	79	33	47	34	78	35	97	36	67	37	84	38	81	39	67	40	73	41	93	42	65	43	6	44	61	45	35	46	25	47	16	48	27	49	95	
	0	50	1	99	2	72	3	69	4	20	5	22	6	7	7	88	8	78	9	25	10	71	11	92	12	8	13	1	14	76	15	35	16	50	17	60	18	36	19	77	20	44	21	23	22	18	23	11	24	65	25	19	26	11	27	54	28	5	29	55	30	57	31	18	32	99	33	70	34	3	35	1	36	15	37	77	38	75	39	59	40	81	41	59	42	36	43	59	44	74	45	40	46	88	47	31	48	85	49	1	
	0	43	1	77	2	35	3	90	4	25	5	82	6	12	7	36	8	61	9	86	10	3	11	14	12	35	13	66	14	80	15	46	16	34	17	47	18	16	19	12	20	47	21	59	22	53	23	14	24	41	25	72	26	57	27	24	28	14	29	57	30	50	31	1	32	90	33	1	34	20	35	47	36	7	37	61	38	98	39	95	40	86	41	62	42	95	43	36	44	45	45	84	46	85	47	46	48	95	49	82	
	0	45	1	16	2	88	3	77	4	3	5	91	6	46	7	36	8	27	9	7	10	69	11	27	12	53	13	90	14	26	15	57	16	21	17	60	18	93	19	76	20	16	21	38	22	84	23	7	24	69	25	83	26	20	27	6	28	99	29	70	30	70	31	62	32	84	33	10	34	3	35	98	36	38	37	5	38	70	39	39	40	57	41	82	42	99	43	47	44	87	45	30	46	66	47	60	48	40	49	27	
	0	21	1	31	2	38	3	12	4	99	5	25	6	76	7	53	8	42	9	86	10	94	11	55	12	45	13	9	14	95	15	12	16	51	17	80	18	3	19	48	20	58	21	60	22	40	23	60	24	84	25	87	26	51	27	97	28	55	29	74	30	15	31	52	32	57	33	74	34	99	35	2	36	1	37	38	38	22	39	91	40	65	41	98	42	57	43	20	44	17	45	76	46	20	47	46	48	64	49	72	
	0	97	1	25	2	30	3	96	4	42	5	84	6	50	7	69	8	29	9	5	10	13	11	32	12	67	13	13	14	92	15	65	16	31	17	66	18	84	19	49	20	66	21	37	22	12	23	44	24	36	25	57	26	65	27	57	28	64	29	50	30	46	31	79	32	40	33	51	34	93	35	50	36	80	37	45	38	66	39	43	40	74	41	56	42	36	43	29	44	56	45	32	46	14	47	40	48	79	49	82	
	0	89	1	28	2	35	3	63	4	31	5	63	6	11	7	10	8	51	9	36	10	35	11	54	12	9	13	47	14	81	15	38	16	68	17	39	18	66	19	8	20	49	21	56	22	50	23	73	24	99	25	26	26	18	27	75	28	64	29	39	30	54	31	50	32	87	33	83	34	90	35	40	36	58	37	2	38	39	39	96	40	24	41	1	42	49	43	39	44	57	45	66	46	19	47	42	48	7	49	26	
	0	52	1	29	2	54	3	55	4	43	5	92	6	90	7	47	8	33	9	67	10	56	11	74	12	92	13	100	14	95	15	20	16	100	17	10	18	82	19	7	20	56	21	14	22	40	23	26	24	38	25	9	26	15	27	30	28	39	29	84	30	21	31	60	32	29	33	28	34	65	35	78	36	31	37	18	38	91	39	87	40	61	41	63	42	100	43	49	44	42	45	30	46	81	47	4	48	75	49	67	
	0	33	1	93	2	37	3	96	4	2	5	62	6	98	7	71	8	69	9	17	10	76	11	95	12	27	13	84	14	23	15	48	16	86	17	32	18	58	19	62	20	72	21	51	22	10	23	82	24	14	25	40	26	51	27	27	28	76	29	93	30	48	31	68	32	65	33	3	34	30	35	55	36	35	37	75	38	20	39	7	40	93	41	34	42	58	43	31	44	29	45	23	46	8	47	50	48	69	49	64	
	0	23	1	60	2	57	3	98	4	76	5	27	6	8	7	27	8	40	9	64	10	17	11	59	12	83	13	80	14	57	15	59	16	20	17	10	18	78	19	73	20	58	21	43	22	22	23	60	24	94	25	65	26	18	27	21	28	58	29	54	30	7	31	100	32	30	33	13	34	88	35	49	36	62	37	95	38	53	39	10	40	72	41	55	42	88	43	21	44	64	45	61	46	65	47	68	48	58	49	69	
	0	96	1	17	2	34	3	48	4	88	5	37	6	55	7	40	8	27	9	5	10	43	11	36	12	90	13	43	14	88	15	15	16	15	17	15	18	26	19	54	20	70	21	5	22	11	23	10	24	56	25	88	26	75	27	1	28	45	29	46	30	64	31	36	32	81	33	62	34	94	35	49	36	96	37	92	38	34	39	8	40	40	41	19	42	25	43	31	44	44	45	57	46	48	47	4	48	34	49	1	
	0	94	1	59	2	97	3	17	4	74	5	64	6	46	7	39	8	91	9	61	10	13	11	97	12	7	13	80	14	13	15	90	16	44	17	68	18	24	19	84	20	82	21	81	22	96	23	72	24	42	25	17	26	96	27	14	28	15	29	84	30	3	31	86	32	55	33	4	34	44	35	24	36	65	37	54	38	9	39	87	40	34	41	92	42	50	43	45	44	2	45	12	46	99	47	78	48	13	49	75	
	0	42	1	27	2	20	3	60	4	24	5	4	6	39	7	24	8	86	9	58	10	44	11	41	12	48	13	71	14	45	15	3	16	5	17	71	18	70	19	11	20	91	21	67	22	71	23	64	24	62	25	81	26	38	27	88	28	96	29	60	30	30	31	59	32	33	33	60	34	95	35	80	36	60	37	62	38	52	39	69	40	26	41	97	42	43	43	77	44	57	45	15	46	80	47	37	48	22	49	50	
	0	27	1	55	2	86	3	56	4	89	5	43	6	19	7	63	8	70	9	37	10	43	11	56	12	61	13	68	14	37	15	95	16	39	17	37	18	79	19	6	20	65	21	67	22	24	23	54	24	33	25	71	26	16	27	67	28	88	29	10	30	6	31	94	32	44	33	66	34	78	35	69	36	61	37	94	38	72	39	74	40	86	41	70	42	81	43	49	44	67	45	26	46	74	47	16	48	41	49	67	
	0	78	1	34	2	37	3	64	4	13	5	63	6	61	7	24	8	15	9	58	10	5	11	13	12	1	13	65	14	56	15	93	16	4	17	91	18	72	19	53	20	9	21	94	22	59	23	47	24	38	25	12	26	11	27	52	28	96	29	55	30	56	31	35	32	28	33	95	34	62	35	98	36	72	37	96	38	96	39	87	40	6	41	77	42	55	43	39	44	12	45	5	46	79	47	87	48	16	49	90	
	0	60	1	44	2	54	3	19	4	97	5	28	6	42	7	88	8	47	9	71	10	95	11	76	12	92	13	92	14	15	15	16	16	71	17	82	18	60	19	55	20	5	21	92	22	54	23	12	24	46	25	1	26	69	27	68	28	94	29	92	30	26	31	97	32	10	33	66	34	72	35	5	36	38	37	14	38	64	39	86	40	6	41	19	42	44	43	71	44	34	45	7	46	40	47	6	48	75	49	16	
	0	23	1	45	2	12	3	3	4	47	5	74	6	1	7	64	8	74	9	32	10	40	11	84	12	21	13	84	14	50	15	100	16	41	17	97	18	16	19	80	20	20	21	5	22	99	23	92	24	26	25	80	26	22	27	38	28	90	29	100	30	84	31	71	32	13	33	2	34	66	35	4	36	77	37	31	38	14	39	47	40	54	41	79	42	34	43	44	44	86	45	60	46	12	47	70	48	35	49	89	
	0	83	1	42	2	72	3	26	4	100	5	34	6	57	7	55	8	34	9	87	10	95	11	59	12	12	13	5	14	96	15	58	16	2	17	92	18	31	19	32	20	75	21	84	22	69	23	71	24	86	25	55	26	100	27	49	28	95	29	20	30	5	31	26	32	70	33	84	34	66	35	72	36	63	37	80	38	1	39	20	40	96	41	25	42	48	43	94	44	44	45	88	46	9	47	9	48	81	49	34	
	0	34	1	93	2	78	3	9	4	75	5	22	6	15	7	50	8	49	9	94	10	89	11	53	12	23	13	24	14	17	15	99	16	46	17	80	18	33	19	35	20	62	21	63	22	4	23	89	24	89	25	7	26	40	27	25	28	69	29	75	30	82	31	19	32	74	33	57	34	49	35	80	36	84	37	26	38	35	39	79	40	66	41	56	42	53	43	27	44	41	45	91	46	21	47	98	48	86	49	13	
	0	99	1	95	2	88	3	12	4	33	5	1	6	73	7	94	8	76	9	35	10	11	11	53	12	57	13	9	14	62	15	89	16	61	17	61	18	77	19	97	20	62	21	24	22	70	23	22	24	54	25	32	26	56	27	8	28	65	29	29	30	96	31	68	32	15	33	72	34	44	35	15	36	43	37	12	38	76	39	76	40	100	41	16	42	95	43	21	44	95	45	58	46	91	47	76	48	10	49	90	
	0	24	1	41	2	36	3	36	4	47	5	17	6	10	7	57	8	74	9	69	10	14	11	77	12	13	13	65	14	42	15	93	16	88	17	48	18	31	19	59	20	24	21	28	22	56	23	78	24	93	25	84	26	91	27	70	28	52	29	19	30	76	31	41	32	7	33	97	34	2	35	64	36	74	37	60	38	35	39	81	40	97	41	79	42	79	43	13	44	96	45	59	46	96	47	79	48	82	49	15	
	0	88	1	59	2	99	3	51	4	32	5	58	6	21	7	23	8	38	9	63	10	34	11	89	12	15	13	15	14	81	15	64	16	24	17	70	18	34	19	48	20	58	21	82	22	12	23	67	24	20	25	13	26	30	27	66	28	17	29	18	30	41	31	93	32	79	33	9	34	38	35	89	36	20	37	56	38	91	39	16	40	15	41	51	42	57	43	55	44	59	45	80	46	62	47	52	48	84	49	72	
	0	36	1	72	2	31	3	42	4	35	5	83	6	58	7	54	8	2	9	51	10	40	11	38	12	29	13	100	14	39	15	20	16	100	17	25	18	3	19	48	20	72	21	88	22	54	23	1	24	93	25	44	26	15	27	8	28	46	29	4	30	5	31	78	32	56	33	1	34	6	35	86	36	74	37	40	38	8	39	58	40	66	41	58	42	39	43	67	44	39	45	25	46	24	47	69	48	82	49	48	
	0	19	1	21	2	78	3	36	4	40	5	22	6	29	7	61	8	21	9	78	10	49	11	12	12	60	13	50	14	46	15	18	16	59	17	66	18	41	19	75	20	98	21	67	22	64	23	30	24	28	25	84	26	13	27	28	28	15	29	67	30	84	31	69	32	66	33	40	34	87	35	98	36	53	37	88	38	53	39	5	40	84	41	40	42	24	43	24	44	87	45	58	46	61	47	4	48	38	49	13	
	0	76	1	2	2	53	3	29	4	40	5	23	6	89	7	90	8	61	9	42	10	63	11	62	12	38	13	28	14	65	15	29	16	22	17	76	18	87	19	81	20	55	21	81	22	3	23	68	24	62	25	28	26	90	27	57	28	57	29	46	30	95	31	8	32	36	33	99	34	49	35	90	36	16	37	31	38	92	39	29	40	53	41	53	42	69	43	54	44	51	45	54	46	61	47	44	48	48	49	4	
	0	68	1	64	2	73	3	5	4	7	5	86	6	18	7	67	8	60	9	16	10	8	11	21	12	45	13	12	14	28	15	12	16	41	17	68	18	38	19	23	20	94	21	45	22	19	23	35	24	24	25	31	26	27	27	39	28	12	29	48	30	47	31	4	32	40	33	34	34	72	35	79	36	16	37	48	38	58	39	59	40	41	41	13	42	76	43	65	44	74	45	94	46	20	47	23	48	21	49	38	
	0	18	1	58	2	52	3	49	4	78	5	50	6	8	7	94	8	80	9	46	10	43	11	43	12	72	13	98	14	50	15	2	16	19	17	86	18	95	19	60	20	2	21	75	22	21	23	38	24	77	25	17	26	56	27	57	28	96	29	63	30	45	31	21	32	25	33	25	34	84	35	18	36	11	37	20	38	30	39	70	40	16	41	68	42	14	43	83	44	12	45	56	46	62	47	4	48	79	49	60	
	0	62	1	83	2	64	3	19	4	25	5	95	6	89	7	53	8	73	9	88	10	20	11	91	12	30	13	51	14	71	15	83	16	19	17	40	18	72	19	99	20	89	21	40	22	99	23	9	24	16	25	65	26	74	27	45	28	57	29	40	30	68	31	82	32	45	33	65	34	1	35	51	36	97	37	30	38	42	39	86	40	47	41	86	42	76	43	89	44	68	45	62	46	52	47	37	48	81	49	47	
	0	42	1	81	2	70	3	99	4	15	5	39	6	39	7	48	8	98	9	16	10	74	11	87	12	69	13	87	14	42	15	58	16	22	17	67	18	72	19	9	20	21	21	60	22	31	23	72	24	37	25	88	26	30	27	26	28	83	29	38	30	13	31	19	32	70	33	44	34	12	35	22	36	82	37	61	38	90	39	78	40	88	41	7	42	69	43	40	44	15	45	27	46	80	47	62	48	30	49	84	
	0	46	1	59	2	93	3	54	4	49	5	26	6	29	7	87	8	32	9	9	10	45	11	80	12	97	13	31	14	59	15	82	16	72	17	76	18	68	19	41	20	56	21	21	22	68	23	13	24	39	25	43	26	22	27	15	28	23	29	4	30	33	31	76	32	80	33	13	34	43	35	45	36	5	37	63	38	18	39	4	40	71	41	65	42	5	43	79	44	44	45	60	46	25	47	46	48	89	49	66	
	0	43	1	11	2	23	3	34	4	43	5	70	6	100	7	80	8	1	9	23	10	86	11	49	12	47	13	100	14	49	15	69	16	42	17	72	18	31	19	61	20	83	21	50	22	42	23	17	24	25	25	96	26	93	27	14	28	32	29	83	30	59	31	6	32	77	33	48	34	17	35	44	36	11	37	81	38	71	39	12	40	13	41	42	42	51	43	33	44	16	45	44	46	29	47	65	48	60	49	48	
	0	19	1	54	2	32	3	89	4	69	5	66	6	74	7	23	8	90	9	25	10	24	11	23	12	14	13	99	14	66	15	48	16	63	17	33	18	18	19	40	20	88	21	34	22	2	23	69	24	20	25	47	26	16	27	8	28	37	29	96	30	27	31	92	32	33	33	91	34	90	35	49	36	21	37	18	38	87	39	87	40	97	41	24	42	30	43	81	44	100	45	62	46	48	47	34	48	70	49	3	
	0	99	1	38	2	95	3	50	4	79	5	67	6	46	7	29	8	28	9	1	10	96	11	15	12	31	13	1	14	44	15	47	16	23	17	37	18	85	19	75	20	78	21	16	22	11	23	13	24	89	25	80	26	58	27	93	28	76	29	34	30	24	31	11	32	38	33	83	34	89	35	53	36	21	37	93	38	30	39	9	40	47	41	77	42	7	43	61	44	74	45	42	46	18	47	16	48	1	49	7	
	0	78	1	44	2	40	3	55	4	96	5	86	6	24	7	38	8	26	9	34	10	9	11	13	12	18	13	97	14	95	15	55	16	78	17	6	18	44	19	63	20	2	21	64	22	60	23	81	24	49	25	38	26	89	27	80	28	17	29	88	30	47	31	58	32	67	33	54	34	72	35	56	36	68	37	28	38	61	39	14	40	15	41	48	42	85	43	83	44	36	45	13	46	62	47	58	48	40	49	13	
	0	59	1	23	2	79	3	78	4	17	5	53	6	35	7	58	8	91	9	30	10	91	11	24	12	5	13	54	14	76	15	40	16	59	17	14	18	23	19	34	20	23	21	64	22	70	23	68	24	29	25	23	26	61	27	94	28	32	29	68	30	14	31	79	32	23	33	64	34	44	35	10	36	62	37	62	38	40	39	90	40	90	41	45	42	98	43	12	44	59	45	47	46	2	47	62	48	65	49	38	
	0	37	1	94	2	31	3	28	4	62	5	61	6	89	7	78	8	59	9	2	10	96	11	77	12	21	13	70	14	28	15	36	16	3	17	69	18	97	19	18	20	96	21	25	22	59	23	85	24	67	25	52	26	21	27	13	28	73	29	60	30	50	31	3	32	22	33	98	34	75	35	14	36	4	37	83	38	4	39	55	40	25	41	35	42	5	43	29	44	79	45	36	46	69	47	59	48	15	49	87	
	0	79	1	11	2	60	3	79	4	98	5	53	6	74	7	55	8	75	9	80	10	47	11	47	12	65	13	90	14	57	15	55	16	49	17	54	18	95	19	34	20	95	21	11	22	50	23	21	24	9	25	60	26	44	27	33	28	3	29	98	30	4	31	60	32	45	33	75	34	23	35	52	36	82	37	81	38	71	39	94	40	70	41	93	42	22	43	54	44	22	45	22	46	72	47	40	48	59	49	32	
	0	99	1	51	2	53	3	93	4	20	5	98	6	15	7	78	8	94	9	87	10	46	11	57	12	93	13	44	14	50	15	40	16	73	17	85	18	16	19	30	20	78	21	29	22	81	23	54	24	90	25	5	26	35	27	64	28	41	29	11	30	23	31	100	32	5	33	13	34	40	35	46	36	57	37	76	38	68	39	31	40	48	41	92	42	9	43	3	44	72	45	42	46	54	47	84	48	91	49	33	
	0	15	1	76	2	79	3	36	4	35	5	96	6	30	7	93	8	90	9	31	10	14	11	70	12	20	13	98	14	48	15	76	16	81	17	37	18	14	19	92	20	46	21	84	22	59	23	71	24	9	25	56	26	15	27	28	28	13	29	45	30	41	31	5	32	96	33	18	34	21	35	54	36	27	37	55	38	58	39	36	40	24	41	72	42	77	43	38	44	15	45	94	46	36	47	76	48	87	49	67	
	0	59	1	14	2	35	3	39	4	9	5	25	6	85	7	78	8	19	9	87	10	75	11	29	12	49	13	47	14	95	15	89	16	34	17	45	18	10	19	91	20	79	21	80	22	12	23	46	24	55	25	3	26	90	27	80	28	86	29	2	30	52	31	11	32	4	33	94	34	26	35	85	36	30	37	60	38	90	39	82	40	20	41	54	42	77	43	26	44	78	45	57	46	96	47	12	48	41	49	11	
	0	93	1	85	2	68	3	45	4	87	5	18	6	12	7	17	8	50	9	48	10	50	11	49	12	85	13	22	14	81	15	80	16	71	17	22	18	9	19	94	20	16	21	38	22	22	23	24	24	37	25	67	26	89	27	82	28	34	29	67	30	33	31	77	32	89	33	31	34	22	35	53	36	69	37	68	38	20	39	47	40	84	41	58	42	54	43	25	44	73	45	56	46	62	47	7	48	78	49	51	
	0	34	1	78	2	67	3	30	4	81	5	40	6	65	7	91	8	52	9	51	10	58	11	76	12	3	13	94	14	80	15	42	16	92	17	58	18	93	19	11	20	47	21	7	22	51	23	95	24	97	25	15	26	73	27	4	28	19	29	76	30	11	31	26	32	69	33	73	34	62	35	41	36	25	37	27	38	4	39	24	40	90	41	94	42	75	43	4	44	95	45	40	46	84	47	63	48	22	49	59	
	0	32	1	63	2	85	3	95	4	63	5	9	6	36	7	66	8	41	9	14	10	88	11	83	12	22	13	52	14	76	15	22	16	74	17	80	18	94	19	45	20	98	21	73	22	16	23	53	24	98	25	22	26	34	27	45	28	92	29	32	30	89	31	53	32	78	33	5	34	82	35	59	36	12	37	61	38	1	39	2	40	73	41	51	42	72	43	47	44	96	45	22	46	100	47	29	48	10	49	99	
	0	12	1	26	2	99	3	26	4	73	5	56	6	19	7	63	8	90	9	26	10	48	11	74	12	72	13	43	14	58	15	5	16	46	17	81	18	38	19	91	20	40	21	7	22	56	23	3	24	33	25	2	26	31	27	50	28	19	29	50	30	79	31	68	32	78	33	41	34	20	35	94	36	94	37	93	38	1	39	90	40	36	41	83	42	96	43	70	44	47	45	57	46	65	47	6	48	88	49	71	
	0	18	1	36	2	23	3	74	4	18	5	73	6	93	7	62	8	17	9	6	10	100	11	70	12	37	13	54	14	38	15	59	16	7	17	15	18	22	19	86	20	41	21	73	22	23	23	3	24	1	25	62	26	59	27	47	28	34	29	33	30	26	31	46	32	70	33	70	34	73	35	94	36	41	37	26	38	65	39	20	40	65	41	36	42	20	43	44	44	84	45	75	46	82	47	24	48	54	49	8	
	0	65	1	58	2	43	3	100	4	97	5	96	6	89	7	56	8	96	9	41	10	7	11	81	12	34	13	62	14	36	15	70	16	11	17	91	18	19	19	61	20	46	21	15	22	76	23	46	24	38	25	96	26	35	27	79	28	19	29	68	30	68	31	5	32	48	33	30	34	11	35	84	36	37	37	16	38	94	39	74	40	13	41	20	42	10	43	18	44	33	45	23	46	51	47	73	48	95	49	6	
	0	33	1	3	2	78	3	25	4	8	5	50	6	38	7	11	8	78	9	11	10	18	11	55	12	97	13	42	14	91	15	60	16	12	17	69	18	90	19	16	20	75	21	74	22	10	23	52	24	71	25	82	26	71	27	12	28	59	29	13	30	81	31	26	32	22	33	47	34	86	35	40	36	98	37	54	38	29	39	31	40	91	41	75	42	41	43	68	44	49	45	23	46	48	47	14	48	70	49	42	
	0	30	1	3	2	64	3	87	4	95	5	95	6	51	7	54	8	32	9	31	10	16	11	76	12	16	13	67	14	19	15	82	16	82	17	57	18	15	19	44	20	99	21	19	22	4	23	98	24	89	25	52	26	68	27	16	28	73	29	20	30	47	31	71	32	99	33	27	34	9	35	80	36	53	37	27	38	54	39	89	40	96	41	14	42	83	43	48	44	56	45	93	46	40	47	39	48	37	49	44	
	0	26	1	58	2	86	3	100	4	98	5	92	6	78	7	19	8	67	9	33	10	94	11	96	12	77	13	9	14	26	15	38	16	99	17	23	18	16	19	19	20	4	21	97	22	75	23	69	24	58	25	55	26	69	27	45	28	64	29	83	30	29	31	41	32	39	33	71	34	13	35	83	36	92	37	70	38	95	39	53	40	8	41	62	42	2	43	48	44	40	45	40	46	44	47	61	48	56	49	67	
	0	67	1	99	2	56	3	54	4	57	5	78	6	55	7	43	8	64	9	2	10	48	11	97	12	49	13	31	14	62	15	99	16	21	17	69	18	59	19	52	20	74	21	77	22	37	23	67	24	9	25	99	26	26	27	59	28	71	29	48	30	38	31	19	32	6	33	7	34	27	35	65	36	54	37	7	38	65	39	38	40	45	41	52	42	68	43	70	44	40	45	31	46	43	47	29	48	76	49	18	
	0	47	1	25	2	98	3	81	4	65	5	60	6	87	7	10	8	49	9	11	10	36	11	98	12	52	13	45	14	18	15	44	16	5	17	77	18	33	19	14	20	52	21	15	22	55	23	4	24	35	25	57	26	48	27	69	28	71	29	23	30	73	31	16	32	11	33	46	34	34	35	83	36	68	37	14	38	94	39	27	40	45	41	39	42	75	43	45	44	14	45	4	46	58	47	5	48	73	49	71	
	0	100	1	93	2	8	3	77	4	34	5	97	6	58	7	47	8	95	9	21	10	100	11	28	12	65	13	53	14	64	15	58	16	88	17	84	18	18	19	35	20	91	21	80	22	24	23	32	24	27	25	11	26	36	27	72	28	26	29	55	30	16	31	63	32	37	33	64	34	33	35	58	36	23	37	63	38	69	39	20	40	70	41	91	42	4	43	64	44	39	45	92	46	70	47	86	48	34	49	43	
	0	84	1	76	2	64	3	88	4	52	5	81	6	90	7	69	8	58	9	93	10	63	11	57	12	1	13	48	14	22	15	61	16	56	17	33	18	81	19	74	20	39	21	91	22	42	23	54	24	90	25	47	26	56	27	5	28	36	29	37	30	26	31	34	32	76	33	69	34	24	35	32	36	93	37	39	38	31	39	59	40	97	41	10	42	44	43	14	44	37	45	30	46	49	47	54	48	47	49	86	
	0	44	1	47	2	25	3	4	4	89	5	31	6	86	7	4	8	15	9	57	10	71	11	68	12	34	13	39	14	48	15	87	16	56	17	31	18	76	19	85	20	13	21	32	22	39	23	45	24	86	25	45	26	36	27	42	28	19	29	80	30	32	31	12	32	57	33	93	34	94	35	17	36	8	37	74	38	12	39	37	40	100	41	31	42	95	43	14	44	47	45	75	46	95	47	80	48	3	49	73	
	0	21	1	44	2	14	3	5	4	70	5	85	6	92	7	95	8	81	9	96	10	44	11	55	12	70	13	69	14	32	15	8	16	32	17	63	18	70	19	55	20	100	21	29	22	64	23	27	24	83	25	8	26	65	27	89	28	9	29	89	30	97	31	82	32	44	33	11	34	60	35	58	36	81	37	82	38	38	39	42	40	46	41	23	42	100	43	83	44	57	45	40	46	91	47	28	48	25	49	44	
	0	81	1	49	2	67	3	52	4	10	5	57	6	92	7	13	8	12	9	55	10	90	11	47	12	83	13	99	14	16	15	83	16	24	17	79	18	64	19	12	20	73	21	5	22	52	23	96	24	19	25	59	26	77	27	69	28	92	29	50	30	25	31	60	32	28	33	17	34	64	35	18	36	31	37	82	38	85	39	78	40	19	41	31	42	98	43	80	44	81	45	71	46	62	47	36	48	75	49	84	
	0	79	1	71	2	53	3	68	4	82	5	50	6	72	7	80	8	87	9	16	10	67	11	37	12	13	13	38	14	11	15	47	16	46	17	19	18	18	19	17	20	20	21	79	22	44	23	10	24	26	25	17	26	29	27	58	28	6	29	76	30	71	31	28	32	83	33	27	34	32	35	20	36	46	37	14	38	29	39	66	40	57	41	53	42	59	43	42	44	9	45	7	46	49	47	75	48	27	49	76	
	0	75	1	34	2	7	3	63	4	58	5	4	6	52	7	59	8	54	9	88	10	39	11	70	12	85	13	20	14	50	15	64	16	44	17	64	18	41	19	11	20	77	21	69	22	25	23	56	24	24	25	35	26	93	27	50	28	95	29	93	30	26	31	7	32	87	33	66	34	66	35	90	36	12	37	49	38	66	39	68	40	81	41	34	42	26	43	8	44	20	45	44	46	22	47	51	48	41	49	96	
	0	10	1	62	2	99	3	32	4	14	5	81	6	23	7	98	8	40	9	20	10	30	11	8	12	72	13	89	14	17	15	16	16	14	17	25	18	80	19	56	20	35	21	54	22	80	23	83	24	94	25	91	26	42	27	48	28	54	29	58	30	18	31	33	32	58	33	58	34	21	35	33	36	80	37	32	38	31	39	30	40	95	41	76	42	16	43	57	44	91	45	54	46	90	47	72	48	99	49	28	
	0	24	1	26	2	75	3	20	4	34	5	36	6	76	7	54	8	2	9	100	10	74	11	38	12	95	13	78	14	9	15	36	16	73	17	82	18	55	19	65	20	37	21	32	22	65	23	83	24	78	25	64	26	5	27	86	28	5	29	70	30	93	31	34	32	97	33	15	34	31	35	45	36	100	37	95	38	96	39	77	40	91	41	95	42	94	43	11	44	41	45	83	46	62	47	71	48	64	49	56	
	0	12	1	36	2	68	3	22	4	71	5	81	6	4	7	1	8	57	9	25	10	46	11	19	12	15	13	56	14	99	15	7	16	49	17	35	18	53	19	94	20	34	21	94	22	83	23	42	24	43	25	58	26	7	27	92	28	62	29	28	30	62	31	34	32	57	33	81	34	84	35	51	36	33	37	73	38	14	39	3	40	59	41	88	42	18	43	62	44	2	45	57	46	87	47	54	48	3	49	60	
	0	6	1	32	2	5	3	78	4	44	5	93	6	99	7	77	8	34	9	90	10	41	11	75	12	95	13	14	14	64	15	45	16	18	17	20	18	39	19	27	20	92	21	79	22	59	23	17	24	76	25	19	26	89	27	86	28	86	29	3	30	87	31	58	32	66	33	38	34	18	35	59	36	44	37	7	38	28	39	33	40	85	41	23	42	90	43	3	44	19	45	42	46	48	47	90	48	37	49	34	
	0	52	1	4	2	50	3	73	4	21	5	57	6	21	7	99	8	69	9	62	10	95	11	43	12	95	13	76	14	93	15	78	16	80	17	69	18	73	19	54	20	44	21	42	22	60	23	78	24	14	25	20	26	38	27	59	28	77	29	53	30	77	31	66	32	73	33	32	34	7	35	69	36	1	37	81	38	16	39	97	40	94	41	14	42	5	43	62	44	58	45	30	46	44	47	22	48	92	49	67	
	0	80	1	96	2	61	3	37	4	12	5	88	6	29	7	87	8	52	9	33	10	83	11	34	12	67	13	7	14	73	15	26	16	81	17	71	18	12	19	99	20	94	21	65	22	100	23	93	24	4	25	96	26	32	27	39	28	6	29	86	30	98	31	90	32	53	33	34	34	75	35	48	36	4	37	95	38	78	39	80	40	96	41	27	42	50	43	26	44	75	45	74	46	61	47	6	48	7	49	94	
	0	32	1	1	2	93	3	67	4	86	5	64	6	43	7	92	8	94	9	57	10	84	11	8	12	57	13	2	14	56	15	4	16	72	17	57	18	33	19	82	20	86	21	14	22	28	23	31	24	54	25	87	26	32	27	98	28	81	29	41	30	72	31	43	32	79	33	37	34	48	35	60	36	69	37	82	38	56	39	83	40	86	41	95	42	57	43	18	44	90	45	38	46	89	47	93	48	37	49	86	
	0	77	1	69	2	9	3	62	4	38	5	11	6	84	7	46	8	98	9	27	10	88	11	51	12	33	13	18	14	56	15	53	16	72	17	47	18	36	19	12	20	17	21	65	22	18	23	57	24	9	25	27	26	73	27	18	28	32	29	71	30	87	31	69	32	15	33	33	34	90	35	99	36	64	37	28	38	55	39	60	40	38	41	73	42	3	43	35	44	26	45	83	46	11	47	19	48	91	49	20	
	0	12	1	10	2	64	3	70	4	53	5	27	6	57	7	16	8	29	9	11	10	76	11	80	12	33	13	100	14	17	15	73	16	22	17	61	18	24	19	85	20	15	21	91	22	43	23	44	24	10	25	18	26	80	27	14	28	85	29	53	30	45	31	67	32	49	33	87	34	55	35	18	36	27	37	97	38	76	39	95	40	19	41	48	42	79	43	41	44	31	45	77	46	63	47	17	48	80	49	2	
	0	11	1	72	2	92	3	93	4	73	5	81	6	16	7	55	8	9	9	90	10	56	11	85	12	73	13	77	14	58	15	43	16	51	17	96	18	96	19	63	20	3	21	14	22	47	23	94	24	3	25	65	26	25	27	70	28	29	29	81	30	2	31	63	32	61	33	3	34	74	35	68	36	73	37	51	38	62	39	67	40	77	41	72	42	34	43	81	44	55	45	97	46	76	47	27	48	24	49	33	
	0	96	1	57	2	97	3	37	4	1	5	81	6	50	7	90	8	3	9	13	10	1	11	94	12	65	13	71	14	58	15	59	16	37	17	82	18	38	19	67	20	36	21	29	22	26	23	52	24	50	25	96	26	16	27	48	28	75	29	11	30	30	31	33	32	96	33	95	34	82	35	26	36	96	37	80	38	50	39	14	40	13	41	65	42	4	43	31	44	100	45	24	46	94	47	4	48	58	49	49	
	0	81	1	24	2	57	3	30	4	71	5	85	6	36	7	77	8	75	9	36	10	95	11	58	12	85	13	60	14	74	15	61	16	79	17	31	18	40	19	48	20	12	21	6	22	40	23	97	24	64	25	40	26	93	27	50	28	45	29	9	30	20	31	31	32	53	33	70	34	50	35	13	36	32	37	33	38	16	39	22	40	85	41	79	42	83	43	84	44	28	45	97	46	24	47	7	48	44	49	95	
	0	31	1	60	2	92	3	74	4	26	5	75	6	84	7	50	8	77	9	82	10	2	11	24	12	58	13	42	14	26	15	85	16	75	17	15	18	52	19	2	20	70	21	70	22	41	23	68	24	51	25	79	26	5	27	82	28	73	29	1	30	19	31	15	32	91	33	16	34	90	35	42	36	81	37	14	38	53	39	68	40	40	41	79	42	91	43	27	44	94	45	28	46	69	47	37	48	79	49	84	
	0	33	1	25	2	74	3	96	4	99	5	52	6	33	7	60	8	83	9	81	10	5	11	67	12	66	13	53	14	8	15	34	16	90	17	41	18	60	19	78	20	62	21	30	22	21	23	78	24	62	25	39	26	60	27	4	28	81	29	19	30	83	31	59	32	37	33	18	34	53	35	98	36	8	37	66	38	19	39	50	40	33	41	94	42	84	43	93	44	57	45	91	46	15	47	59	48	76	49	20	
	0	47	1	99	2	7	3	80	4	53	5	35	6	93	7	52	8	62	9	5	10	87	11	86	12	39	13	20	14	61	15	56	16	10	17	31	18	79	19	10	20	37	21	70	22	100	23	91	24	31	25	80	26	15	27	92	28	48	29	26	30	24	31	11	32	99	33	40	34	17	35	95	36	23	37	41	38	62	39	45	40	89	41	17	42	30	43	95	44	86	45	8	46	85	47	17	48	33	49	31	
	0	60	1	84	2	65	3	15	4	37	5	66	6	44	7	90	8	60	9	21	10	23	11	24	12	93	13	10	14	38	15	91	16	79	17	54	18	8	19	52	20	18	21	95	22	6	23	91	24	59	25	36	26	21	27	7	28	70	29	71	30	58	31	46	32	24	33	33	34	77	35	98	36	70	37	53	38	41	39	8	40	81	41	45	42	87	43	20	44	37	45	72	46	26	47	79	48	82	49	89	
	0	28	1	69	2	90	3	26	4	92	5	3	6	45	7	59	8	100	9	40	10	9	11	79	12	65	13	100	14	99	15	83	16	33	17	18	18	96	19	34	20	81	21	47	22	53	23	4	24	21	25	28	26	42	27	66	28	26	29	44	30	29	31	36	32	87	33	40	34	24	35	14	36	3	37	52	38	24	39	7	40	82	41	47	42	65	43	72	44	42	45	9	46	87	47	93	48	6	49	57	
	0	47	1	69	2	56	3	1	4	4	5	90	6	81	7	96	8	14	9	40	10	30	11	18	12	21	13	76	14	24	15	56	16	29	17	15	18	7	19	8	20	69	21	29	22	4	23	22	24	57	25	100	26	26	27	45	28	71	29	44	30	36	31	39	32	79	33	28	34	86	35	63	36	11	37	36	38	82	39	41	40	83	41	66	42	90	43	1	44	28	45	52	46	51	47	86	48	84	49	72	
	0	20	1	18	2	35	3	68	4	57	5	2	6	33	7	17	8	95	9	40	10	88	11	2	12	31	13	29	14	48	15	61	16	43	17	34	18	1	19	9	20	33	21	86	22	94	23	16	24	78	25	25	26	9	27	53	28	10	29	93	30	19	31	75	32	67	33	94	34	50	35	12	36	95	37	53	38	52	39	80	40	15	41	30	42	24	43	22	44	54	45	38	46	49	47	61	48	60	49	80	
	0	79	1	73	2	9	3	12	4	95	5	85	6	78	7	82	8	81	9	61	10	99	11	86	12	37	13	45	14	54	15	48	16	71	17	21	18	64	19	59	20	52	21	33	22	21	23	71	24	47	25	44	26	94	27	23	28	52	29	44	30	20	31	15	32	60	33	52	34	12	35	51	36	70	37	99	38	3	39	60	40	87	41	66	42	83	43	12	44	77	45	45	46	3	47	4	48	65	49	28	
	0	72	1	64	2	51	3	3	4	49	5	7	6	23	7	29	8	19	9	28	10	23	11	18	12	50	13	45	14	85	15	63	16	35	17	42	18	55	19	55	20	16	21	36	22	56	23	48	24	69	25	32	26	77	27	2	28	61	29	74	30	37	31	64	32	88	33	6	34	31	35	92	36	76	37	82	38	83	39	99	40	76	41	88	42	76	43	38	44	36	45	56	46	85	47	37	48	65	49	45	
	0	82	1	16	2	8	3	76	4	70	5	9	6	14	7	29	8	35	9	47	10	60	11	74	12	22	13	45	14	56	15	8	16	58	17	18	18	80	19	56	20	32	21	77	22	26	23	80	24	49	25	73	26	13	27	74	28	28	29	35	30	24	31	62	32	10	33	65	34	45	35	49	36	20	37	55	38	58	39	12	40	24	41	29	42	8	43	52	44	61	45	99	46	76	47	84	48	61	49	54	
	0	71	1	94	2	16	3	92	4	56	5	47	6	99	7	83	8	74	9	45	10	19	11	31	12	57	13	82	14	85	15	73	16	11	17	87	18	19	19	57	20	64	21	44	22	25	23	100	24	81	25	76	26	53	27	91	28	59	29	54	30	52	31	27	32	12	33	30	34	91	35	70	36	44	37	69	38	39	39	52	40	33	41	99	42	29	43	99	44	23	45	87	46	29	47	41	48	60	49	22	
	0	54	1	3	2	61	3	70	4	8	5	4	6	40	7	31	8	98	9	88	10	34	11	63	12	27	13	11	14	26	15	5	16	52	17	2	18	39	19	80	20	67	21	68	22	36	23	42	24	27	25	70	26	8	27	61	28	28	29	41	30	89	31	7	32	38	33	46	34	89	35	70	36	2	37	4	38	51	39	95	40	53	41	46	42	64	43	58	44	86	45	8	46	60	47	64	48	31	49	80	
	0	8	1	73	2	76	3	74	4	18	5	65	6	40	7	25	8	49	9	35	10	12	11	25	12	67	13	64	14	14	15	41	16	19	17	43	18	51	19	21	20	96	21	17	22	73	23	62	24	54	25	92	26	73	27	7	28	91	29	29	30	97	31	33	32	37	33	35	34	29	35	63	36	74	37	88	38	24	39	30	40	1	41	14	42	82	43	44	44	1	45	30	46	6	47	28	48	20	49	5	
	0	59	1	35	2	6	3	13	4	39	5	43	6	84	7	5	8	83	9	68	10	80	11	97	12	29	13	63	14	95	15	79	16	64	17	91	18	30	19	30	20	60	21	51	22	30	23	89	24	98	25	87	26	43	27	78	28	15	29	39	30	20	31	33	32	73	33	10	34	57	35	75	36	54	37	13	38	29	39	44	40	94	41	67	42	76	43	53	44	71	45	92	46	73	47	40	48	80	49	82	
	0	10	1	9	2	43	3	56	4	13	5	17	6	8	7	22	8	89	9	54	10	56	11	23	12	10	13	87	14	11	15	46	16	46	17	4	18	22	19	80	20	62	21	33	22	60	23	87	24	49	25	7	26	44	27	8	28	56	29	4	30	29	31	3	32	60	33	56	34	78	35	43	36	89	37	41	38	64	39	13	40	83	41	88	42	70	43	27	44	23	45	26	46	59	47	82	48	95	49	30	
	0	60	1	33	2	63	3	82	4	35	5	69	6	53	7	45	8	7	9	49	10	44	11	39	12	70	13	39	14	78	15	15	16	44	17	18	18	79	19	38	20	58	21	80	22	42	23	86	24	40	25	7	26	27	27	47	28	43	29	87	30	70	31	38	32	31	33	95	34	52	35	40	36	57	37	5	38	39	39	9	40	49	41	29	42	1	43	86	44	12	45	78	46	90	47	30	48	69	49	88	
	0	27	1	92	2	58	3	2	4	20	5	6	6	50	7	96	8	49	9	85	10	89	11	61	12	74	13	69	14	72	15	22	16	56	17	85	18	51	19	19	20	11	21	93	22	21	23	24	24	94	25	24	26	64	27	88	28	30	29	29	30	90	31	14	32	4	33	98	34	56	35	92	36	19	37	26	38	61	39	33	40	74	41	21	42	74	43	44	44	74	45	57	46	70	47	7	48	95	49	21	
	0	69	1	34	2	98	3	11	4	40	5	92	6	12	7	74	8	24	9	33	10	33	11	19	12	50	13	66	14	87	15	4	16	15	17	30	18	54	19	72	20	100	21	70	22	65	23	98	24	71	25	19	26	88	27	28	28	57	29	9	30	79	31	43	32	75	33	96	34	26	35	33	36	100	37	75	38	94	39	48	40	37	41	100	42	3	43	38	44	46	45	46	46	8	47	27	48	37	49	68	
	0	29	1	14	2	36	3	91	4	64	5	49	6	66	7	15	8	48	9	4	10	6	11	8	12	34	13	72	14	69	15	83	16	57	17	41	18	96	19	80	20	9	21	49	22	3	23	34	24	77	25	33	26	5	27	22	28	2	29	43	30	20	31	25	32	88	33	54	34	68	35	37	36	57	37	45	38	96	39	32	40	48	41	31	42	64	43	32	44	12	45	55	46	63	47	35	48	94	49	65	
	0	97	1	27	2	5	3	29	4	54	5	75	6	41	7	76	8	75	9	4	10	2	11	63	12	45	13	30	14	44	15	39	16	44	17	11	18	16	19	99	20	73	21	86	22	2	23	19	24	12	25	94	26	99	27	37	28	5	29	74	30	1	31	28	32	54	33	41	34	77	35	33	36	86	37	3	38	97	39	96	40	73	41	62	42	32	43	43	44	45	45	39	46	99	47	60	48	97	49	89	
	0	34	1	18	2	60	3	81	4	72	5	38	6	13	7	77	8	21	9	94	10	35	11	70	12	22	13	57	14	36	15	61	16	30	17	49	18	39	19	1	20	91	21	91	22	62	23	63	24	71	25	25	26	54	27	56	28	91	29	95	30	58	31	100	32	51	33	43	34	75	35	84	36	48	37	94	38	76	39	13	40	6	41	37	42	44	43	9	44	33	45	94	46	5	47	83	48	68	49	40	
	0	64	1	42	2	77	3	74	4	39	5	56	6	40	7	78	8	93	9	69	10	39	11	63	12	36	13	75	14	83	15	21	16	37	17	36	18	61	19	57	20	15	21	99	22	68	23	86	24	86	25	77	26	98	27	86	28	84	29	32	30	90	31	71	32	23	33	86	34	6	35	37	36	35	37	39	38	11	39	28	40	37	41	41	42	47	43	80	44	30	45	6	46	9	47	61	48	49	49	65	
	0	91	1	54	2	65	3	82	4	73	5	50	6	59	7	10	8	74	9	29	10	94	11	98	12	49	13	61	14	50	15	65	16	43	17	92	18	99	19	2	20	67	21	3	22	8	23	89	24	23	25	90	26	100	27	77	28	46	29	47	30	73	31	87	32	15	33	29	34	99	35	74	36	29	37	48	38	16	39	90	40	4	41	11	42	94	43	31	44	65	45	63	46	55	47	99	48	58	49	91	
	0	65	1	20	2	49	3	6	4	9	5	97	6	51	7	76	8	35	9	49	10	29	11	90	12	83	13	58	14	35	15	25	16	15	17	63	18	26	19	62	20	33	21	43	22	60	23	43	24	85	25	79	26	21	27	76	28	80	29	43	30	57	31	79	32	80	33	10	34	61	35	42	36	40	37	53	38	24	39	68	40	58	41	81	42	87	43	74	44	76	45	53	46	69	47	60	48	97	49	90	
	0	26	1	45	2	58	3	34	4	94	5	95	6	82	7	28	8	90	9	57	10	62	11	66	12	22	13	6	14	9	15	95	16	50	17	87	18	80	19	100	20	80	21	61	22	94	23	93	24	84	25	96	26	8	27	65	28	56	29	41	30	64	31	50	32	13	33	67	34	75	35	11	36	6	37	66	38	33	39	12	40	4	41	85	42	97	43	16	44	87	45	93	46	31	47	83	48	41	49	71	
	0	31	1	56	2	17	3	91	4	70	5	22	6	72	7	12	8	55	9	78	10	8	11	24	12	44	13	95	14	8	15	48	16	32	17	54	18	48	19	8	20	55	21	6	22	14	23	73	24	41	25	49	26	7	27	97	28	35	29	98	30	58	31	77	32	11	33	75	34	82	35	26	36	83	37	11	38	90	39	53	40	53	41	87	42	73	43	97	44	74	45	61	46	71	47	47	48	53	49	30	
	0	85	1	89	2	31	3	35	4	77	5	33	6	30	7	65	8	70	9	20	10	7	11	29	12	48	13	67	14	61	15	49	16	7	17	46	18	91	19	44	20	78	21	60	22	26	23	22	24	59	25	75	26	93	27	45	28	70	29	69	30	2	31	77	32	79	33	13	34	18	35	30	36	85	37	20	38	92	39	55	40	73	41	35	42	98	43	27	44	36	45	37	46	1	47	96	48	76	49	7	
	0	81	1	81	2	66	3	4	4	98	5	1	6	10	7	68	8	33	9	70	10	8	11	49	12	34	13	57	14	12	15	68	16	59	17	43	18	33	19	62	20	6	21	92	22	46	23	3	24	45	25	76	26	81	27	16	28	3	29	38	30	58	31	93	32	50	33	63	34	24	35	94	36	12	37	41	38	83	39	87	40	39	41	77	42	2	43	44	44	51	45	58	46	51	47	94	48	14	49	10	
	0	22	1	92	2	78	3	40	4	83	5	46	6	31	7	60	8	24	9	28	10	19	11	61	12	63	13	84	14	17	15	77	16	65	17	85	18	2	19	2	20	41	21	48	22	7	23	64	24	63	25	37	26	39	27	42	28	8	29	60	30	48	31	19	32	99	33	74	34	95	35	19	36	15	37	70	38	77	39	100	40	29	41	96	42	1	43	15	44	29	45	77	46	15	47	47	48	96	49	94	
	0	98	1	83	2	55	3	19	4	11	5	89	6	89	7	85	8	16	9	31	10	12	11	32	12	20	13	39	14	30	15	39	16	48	17	60	18	94	19	89	20	46	21	39	22	64	23	60	24	5	25	12	26	51	27	74	28	30	29	85	30	10	31	32	32	78	33	9	34	100	35	36	36	10	37	91	38	5	39	47	40	8	41	22	42	49	43	43	44	7	45	81	46	16	47	51	48	50	49	48	
	0	32	1	1	2	14	3	10	4	28	5	5	6	35	7	90	8	33	9	24	10	97	11	60	12	43	13	52	14	40	15	61	16	65	17	87	18	17	19	87	20	78	21	56	22	84	23	75	24	89	25	93	26	4	27	38	28	100	29	95	30	10	31	83	32	85	33	21	34	6	35	23	36	22	37	75	38	42	39	87	40	87	41	15	42	89	43	23	44	2	45	37	46	45	47	92	48	35	49	5	
	0	34	1	4	2	62	3	55	4	32	5	14	6	55	7	70	8	67	9	64	10	36	11	39	12	86	13	33	14	93	15	56	16	53	17	60	18	17	19	65	20	88	21	88	22	5	23	35	24	1	25	18	26	44	27	32	28	1	29	13	30	83	31	72	32	65	33	94	34	10	35	89	36	64	37	78	38	46	39	83	40	93	41	61	42	89	43	70	44	79	45	65	46	21	47	48	48	51	49	40	
	0	46	1	52	2	67	3	69	4	16	5	37	6	38	7	86	8	33	9	5	10	40	11	39	12	83	13	9	14	4	15	29	16	1	17	22	18	96	19	69	20	69	21	78	22	77	23	61	24	71	25	49	26	89	27	61	28	60	29	91	30	21	31	16	32	69	33	35	34	85	35	14	36	83	37	59	38	95	39	6	40	20	41	47	42	82	43	53	44	81	45	44	46	25	47	9	48	12	49	25	
	0	44	1	49	2	65	3	12	4	64	5	70	6	57	7	99	8	88	9	51	10	66	11	83	12	39	13	18	14	58	15	79	16	80	17	98	18	77	19	10	20	40	21	78	22	58	23	2	24	35	25	8	26	36	27	81	28	20	29	91	30	87	31	22	32	31	33	95	34	15	35	58	36	73	37	74	38	59	39	61	40	55	41	100	42	67	43	3	44	20	45	72	46	84	47	27	48	77	49	70	
	0	44	1	51	2	90	3	55	4	27	5	95	6	35	7	11	8	24	9	53	10	36	11	50	12	90	13	70	14	35	15	38	16	60	17	74	18	29	19	68	20	63	21	18	22	44	23	59	24	7	25	55	26	48	27	62	28	40	29	36	30	28	31	62	32	40	33	100	34	88	35	47	36	94	37	90	38	22	39	80	40	5	41	66	42	33	43	99	44	80	45	25	46	30	47	84	48	18	49	94	
	0	2	1	25	2	63	3	55	4	58	5	58	6	66	7	59	8	87	9	6	10	25	11	5	12	65	13	98	14	67	15	79	16	79	17	88	18	88	19	18	20	67	21	5	22	16	23	29	24	36	25	93	26	18	27	62	28	74	29	35	30	35	31	88	32	7	33	39	34	32	35	31	36	24	37	67	38	1	39	94	40	94	41	54	42	48	43	79	44	76	45	78	46	82	47	86	48	30	49	82	
	0	17	1	84	2	64	3	36	4	7	5	83	6	84	7	44	8	63	9	90	10	85	11	16	12	70	13	1	14	65	15	44	16	89	17	39	18	84	19	55	20	18	21	38	22	61	23	25	24	49	25	74	26	52	27	69	28	46	29	3	30	1	31	79	32	28	33	3	34	83	35	50	36	20	37	2	38	94	39	24	40	88	41	40	42	76	43	10	44	91	45	50	46	83	47	63	48	75	49	67	
	0	56	1	74	2	75	3	22	4	11	5	68	6	79	7	53	8	35	9	4	10	46	11	92	12	61	13	73	14	30	15	28	16	45	17	22	18	54	19	51	20	33	21	69	22	33	23	72	24	67	25	63	26	71	27	98	28	70	29	37	30	10	31	54	32	29	33	59	34	7	35	18	36	32	37	33	38	71	39	48	40	40	41	3	42	70	43	63	44	53	45	59	46	7	47	18	48	58	49	15	
	0	25	1	71	2	26	3	72	4	33	5	96	6	10	7	85	8	48	9	96	10	48	11	33	12	30	13	64	14	31	15	96	16	38	17	54	18	45	19	86	20	57	21	8	22	2	23	50	24	42	25	34	26	10	27	46	28	86	29	22	30	54	31	4	32	61	33	60	34	31	35	40	36	89	37	57	38	41	39	53	40	84	41	62	42	40	43	71	44	26	45	74	46	74	47	27	48	5	49	98	
	0	21	1	59	2	12	3	73	4	14	5	36	6	66	7	75	8	15	9	56	10	44	11	91	12	9	13	2	14	39	15	96	16	27	17	78	18	53	19	10	20	40	21	59	22	18	23	38	24	43	25	91	26	6	27	4	28	74	29	25	30	22	31	74	32	44	33	82	34	65	35	30	36	1	37	62	38	26	39	73	40	12	41	31	42	84	43	18	44	11	45	21	46	13	47	29	48	31	49	33	
	0	52	1	25	2	27	3	63	4	54	5	78	6	96	7	98	8	100	9	41	10	43	11	70	12	19	13	62	14	55	15	49	16	36	17	7	18	65	19	8	20	55	21	47	22	58	23	91	24	83	25	22	26	48	27	28	28	85	29	1	30	37	31	89	32	51	33	38	34	13	35	92	36	16	37	97	38	68	39	23	40	2	41	30	42	69	43	81	44	7	45	58	46	45	47	75	48	76	49	81	
	0	63	1	10	2	91	3	83	4	32	5	78	6	17	7	24	8	60	9	53	10	54	11	55	12	17	13	38	14	82	15	62	16	84	17	99	18	24	19	31	20	46	21	22	22	96	23	42	24	55	25	67	26	70	27	74	28	79	29	21	30	82	31	32	32	83	33	60	34	20	35	56	36	35	37	14	38	22	39	39	40	58	41	34	42	20	43	86	44	46	45	72	46	4	47	64	48	82	49	60	
	0	50	1	55	2	50	3	11	4	24	5	97	6	55	7	4	8	36	9	15	10	84	11	33	12	42	13	11	14	85	15	97	16	53	17	34	18	42	19	58	20	45	21	80	22	92	23	52	24	23	25	36	26	12	27	16	28	62	29	57	30	97	31	75	32	83	33	63	34	37	35	55	36	36	37	5	38	59	39	60	40	25	41	19	42	100	43	29	44	23	45	7	46	29	47	42	48	82	49	76	
	0	53	1	99	2	15	3	75	4	100	5	30	6	7	7	8	8	64	9	85	10	56	11	13	12	23	13	20	14	14	15	82	16	82	17	65	18	28	19	15	20	37	21	35	22	25	23	95	24	100	25	100	26	6	27	67	28	86	29	67	30	24	31	36	32	81	33	43	34	55	35	35	36	4	37	90	38	61	39	5	40	69	41	32	42	1	43	91	44	37	45	10	46	11	47	48	48	17	49	97	
	0	70	1	66	2	67	3	92	4	45	5	67	6	24	7	87	8	15	9	40	10	38	11	44	12	45	13	89	14	57	15	96	16	82	17	4	18	42	19	94	20	100	21	65	22	67	23	47	24	18	25	87	26	63	27	34	28	46	29	53	30	67	31	100	32	16	33	76	34	94	35	68	36	48	37	60	38	30	39	33	40	25	41	33	42	96	43	48	44	79	45	47	46	62	47	33	48	24	49	43	
	0	87	1	51	2	35	3	75	4	47	5	40	6	94	7	46	8	73	9	76	10	51	11	73	12	16	13	73	14	54	15	89	16	2	17	15	18	97	19	100	20	76	21	74	22	93	23	31	24	63	25	77	26	5	27	46	28	71	29	99	30	25	31	100	32	99	33	33	34	96	35	47	36	100	37	42	38	47	39	40	40	95	41	56	42	94	43	44	44	23	45	76	46	50	47	22	48	71	49	25	