500 30 1
30
	0	62	1	55	2	75	3	75	4	81	5	29	6	70	7	97	8	87	9	2	10	100	11	54	12	72	13	34	14	50	15	48	16	64	17	79	18	5	19	47	20	90	21	32	22	14	23	48	24	83	25	16	26	95	27	79	28	87	29	60	
	0	27	1	29	2	84	3	55	4	47	5	51	6	28	7	43	8	29	9	30	10	44	11	30	12	74	13	100	14	75	15	41	16	25	17	81	18	91	19	62	20	87	21	11	22	73	23	29	24	78	25	4	26	72	27	3	28	30	29	45	
	0	36	1	58	2	50	3	53	4	34	5	73	6	28	7	32	8	83	9	12	10	8	11	10	12	67	13	46	14	75	15	52	16	75	17	39	18	73	19	44	20	58	21	45	22	52	23	2	24	85	25	26	26	28	27	48	28	18	29	15	
	0	29	1	32	2	96	3	41	4	64	5	33	6	34	7	25	8	39	9	26	10	57	11	72	12	47	13	87	14	64	15	8	16	59	17	90	18	91	19	25	20	54	21	39	22	52	23	23	24	37	25	53	26	43	27	1	28	41	29	40	
	0	15	1	45	2	69	3	63	4	94	5	18	6	49	7	50	8	82	9	11	10	79	11	10	12	39	13	18	14	9	15	10	16	47	17	93	18	20	19	26	20	44	21	74	22	24	23	12	24	5	25	54	26	6	27	74	28	86	29	31	
	0	55	1	79	2	89	3	67	4	38	5	74	6	51	7	73	8	97	9	72	10	64	11	12	12	32	13	43	14	45	15	30	16	4	17	15	18	16	19	62	20	24	21	21	22	66	23	47	24	39	25	28	26	85	27	85	28	82	29	79	
	0	87	1	11	2	47	3	98	4	95	5	18	6	30	7	89	8	55	9	29	10	96	11	83	12	76	13	94	14	83	15	25	16	67	17	61	18	55	19	65	20	16	21	53	22	63	23	98	24	41	25	7	26	91	27	74	28	52	29	44	
	0	61	1	72	2	50	3	87	4	41	5	41	6	13	7	35	8	92	9	69	10	61	11	54	12	50	13	23	14	52	15	94	16	80	17	4	18	40	19	91	20	61	21	6	22	30	23	88	24	100	25	10	26	76	27	67	28	11	29	84	
	0	94	1	10	2	79	3	39	4	2	5	67	6	25	7	92	8	8	9	8	10	21	11	17	12	22	13	37	14	42	15	59	16	37	17	44	18	58	19	37	20	52	21	91	22	48	23	96	24	29	25	57	26	59	27	27	28	71	29	66	
	0	53	1	56	2	88	3	69	4	5	5	18	6	24	7	24	8	99	9	86	10	50	11	87	12	99	13	77	14	74	15	74	16	82	17	56	18	36	19	89	20	21	21	35	22	69	23	82	24	22	25	60	26	51	27	9	28	45	29	95	
	0	72	1	53	2	51	3	99	4	44	5	84	6	43	7	48	8	80	9	21	10	43	11	45	12	97	13	90	14	86	15	98	16	24	17	16	18	96	19	42	20	60	21	95	22	5	23	14	24	57	25	67	26	64	27	34	28	88	29	49	
	0	29	1	34	2	57	3	72	4	58	5	57	6	80	7	99	8	56	9	62	10	33	11	15	12	32	13	31	14	67	15	83	16	96	17	79	18	37	19	76	20	1	21	13	22	69	23	84	24	84	25	95	26	69	27	79	28	70	29	49	
	0	70	1	44	2	11	3	6	4	55	5	34	6	59	7	66	8	51	9	66	10	100	11	54	12	73	13	42	14	72	15	97	16	98	17	52	18	100	19	8	20	65	21	97	22	21	23	36	24	83	25	74	26	83	27	89	28	80	29	1	
	0	32	1	34	2	42	3	65	4	24	5	13	6	69	7	99	8	48	9	93	10	97	11	9	12	91	13	98	14	45	15	37	16	73	17	19	18	41	19	7	20	39	21	41	22	31	23	88	24	40	25	100	26	70	27	55	28	44	29	100	
	0	83	1	46	2	74	3	70	4	85	5	58	6	3	7	34	8	20	9	4	10	98	11	11	12	75	13	100	14	14	15	22	16	36	17	80	18	57	19	28	20	76	21	10	22	19	23	79	24	20	25	8	26	86	27	93	28	78	29	37	
	0	46	1	100	2	42	3	61	4	20	5	6	6	86	7	53	8	29	9	69	10	84	11	85	12	53	13	100	14	43	15	15	16	17	17	52	18	32	19	16	20	86	21	5	22	84	23	43	24	76	25	61	26	3	27	74	28	27	29	99	
	0	48	1	22	2	82	3	70	4	32	5	91	6	10	7	93	8	5	9	28	10	5	11	31	12	60	13	53	14	88	15	72	16	75	17	34	18	19	19	62	20	81	21	65	22	93	23	50	24	23	25	13	26	12	27	39	28	26	29	21	
	0	75	1	14	2	95	3	20	4	91	5	29	6	74	7	27	8	75	9	93	10	42	11	18	12	76	13	59	14	89	15	16	16	49	17	98	18	38	19	37	20	72	21	27	22	57	23	58	24	26	25	43	26	75	27	28	28	62	29	54	
	0	30	1	34	2	50	3	77	4	30	5	53	6	77	7	69	8	24	9	94	10	33	11	52	12	37	13	63	14	73	15	5	16	91	17	100	18	23	19	47	20	95	21	12	22	65	23	48	24	38	25	48	26	81	27	48	28	35	29	15	
	0	19	1	77	2	98	3	25	4	71	5	81	6	83	7	4	8	73	9	19	10	21	11	31	12	46	13	76	14	83	15	66	16	4	17	58	18	9	19	14	20	81	21	19	22	73	23	55	24	61	25	19	26	20	27	58	28	22	29	40	
	0	71	1	80	2	49	3	76	4	72	5	33	6	48	7	30	8	6	9	88	10	98	11	26	12	46	13	31	14	24	15	45	16	18	17	77	18	78	19	84	20	20	21	33	22	45	23	98	24	89	25	23	26	84	27	26	28	76	29	57	
	0	77	1	92	2	39	3	74	4	68	5	95	6	37	7	86	8	95	9	96	10	13	11	43	12	37	13	26	14	62	15	42	16	1	17	93	18	36	19	87	20	54	21	17	22	96	23	94	24	81	25	100	26	84	27	50	28	95	29	80	
	0	62	1	16	2	14	3	76	4	55	5	13	6	39	7	91	8	4	9	69	10	98	11	62	12	29	13	16	14	9	15	55	16	59	17	87	18	42	19	66	20	20	21	8	22	37	23	97	24	4	25	32	26	27	27	88	28	15	29	1	
	0	5	1	42	2	2	3	88	4	12	5	16	6	32	7	85	8	6	9	51	10	83	11	50	12	59	13	22	14	59	15	98	16	47	17	18	18	87	19	63	20	59	21	9	22	86	23	12	24	6	25	62	26	25	27	76	28	81	29	31	
	0	24	1	36	2	95	3	63	4	87	5	28	6	49	7	27	8	16	9	70	10	86	11	11	12	11	13	80	14	91	15	54	16	50	17	75	18	33	19	98	20	14	21	93	22	44	23	78	24	66	25	47	26	77	27	58	28	87	29	81	
	0	28	1	89	2	53	3	16	4	48	5	83	6	2	7	29	8	31	9	43	10	41	11	60	12	42	13	48	14	87	15	87	16	82	17	55	18	58	19	98	20	38	21	59	22	34	23	53	24	45	25	13	26	48	27	21	28	43	29	28	
	0	9	1	69	2	92	3	78	4	5	5	27	6	61	7	54	8	47	9	10	10	52	11	18	12	34	13	55	14	78	15	88	16	37	17	97	18	28	19	16	20	83	21	59	22	100	23	17	24	20	25	12	26	66	27	61	28	1	29	98	
	0	75	1	77	2	44	3	8	4	53	5	62	6	73	7	42	8	13	9	89	10	61	11	60	12	34	13	92	14	87	15	43	16	51	17	82	18	98	19	3	20	17	21	39	22	65	23	94	24	35	25	69	26	3	27	50	28	46	29	55	
	0	96	1	86	2	69	3	71	4	68	5	7	6	6	7	96	8	51	9	38	10	48	11	55	12	77	13	75	14	50	15	67	16	81	17	60	18	20	19	87	20	45	21	59	22	36	23	90	24	4	25	87	26	23	27	66	28	33	29	70	
	0	55	1	23	2	84	3	25	4	70	5	64	6	32	7	81	8	29	9	77	10	68	11	69	12	39	13	4	14	82	15	70	16	84	17	37	18	70	19	98	20	98	21	25	22	55	23	21	24	91	25	62	26	33	27	94	28	21	29	93	
	0	67	1	65	2	92	3	25	4	67	5	47	6	46	7	44	8	25	9	7	10	97	11	89	12	61	13	85	14	53	15	32	16	62	17	81	18	60	19	56	20	28	21	13	22	40	23	99	24	100	25	56	26	85	27	75	28	19	29	35	
	0	16	1	16	2	97	3	2	4	84	5	13	6	49	7	76	8	20	9	65	10	59	11	25	12	93	13	75	14	57	15	8	16	90	17	20	18	38	19	29	20	26	21	26	22	49	23	61	24	55	25	85	26	51	27	17	28	61	29	4	
	0	54	1	42	2	33	3	77	4	98	5	78	6	28	7	18	8	8	9	24	10	80	11	65	12	97	13	38	14	35	15	97	16	96	17	4	18	83	19	67	20	53	21	78	22	42	23	7	24	67	25	26	26	86	27	31	28	13	29	64	
	0	17	1	38	2	58	3	35	4	59	5	31	6	63	7	52	8	17	9	9	10	49	11	23	12	27	13	95	14	16	15	79	16	37	17	65	18	34	19	63	20	76	21	6	22	5	23	71	24	23	25	73	26	13	27	56	28	9	29	22	
	0	98	1	67	2	23	3	89	4	95	5	34	6	7	7	27	8	63	9	65	10	77	11	82	12	61	13	74	14	96	15	84	16	59	17	43	18	28	19	68	20	11	21	79	22	3	23	47	24	3	25	92	26	55	27	34	28	7	29	72	
	0	65	1	61	2	37	3	1	4	56	5	37	6	85	7	79	8	88	9	87	10	55	11	13	12	85	13	13	14	7	15	7	16	35	17	90	18	71	19	98	20	76	21	6	22	4	23	75	24	3	25	68	26	42	27	3	28	96	29	95	
	0	38	1	64	2	57	3	28	4	63	5	64	6	100	7	78	8	25	9	70	10	42	11	97	12	83	13	59	14	93	15	57	16	27	17	31	18	93	19	23	20	76	21	82	22	58	23	86	24	11	25	38	26	29	27	28	28	56	29	29	
	0	52	1	36	2	16	3	61	4	73	5	88	6	28	7	4	8	55	9	51	10	73	11	47	12	74	13	21	14	11	15	87	16	81	17	52	18	81	19	90	20	73	21	83	22	78	23	92	24	23	25	78	26	6	27	58	28	91	29	16	
	0	58	1	5	2	41	3	41	4	71	5	59	6	78	7	20	8	71	9	98	10	21	11	38	12	39	13	31	14	27	15	25	16	86	17	98	18	80	19	4	20	33	21	89	22	40	23	56	24	76	25	91	26	82	27	8	28	24	29	54	
	0	9	1	50	2	51	3	4	4	96	5	17	6	78	7	91	8	92	9	64	10	37	11	58	12	26	13	65	14	66	15	76	16	42	17	55	18	24	19	52	20	64	21	5	22	35	23	42	24	81	25	60	26	35	27	40	28	70	29	89	
	0	17	1	69	2	85	3	36	4	49	5	9	6	38	7	93	8	21	9	71	10	14	11	45	12	2	13	87	14	86	15	100	16	86	17	27	18	30	19	50	20	99	21	88	22	96	23	69	24	68	25	55	26	8	27	90	28	62	29	46	
	0	19	1	72	2	13	3	13	4	38	5	86	6	9	7	53	8	33	9	65	10	76	11	93	12	56	13	81	14	37	15	41	16	16	17	85	18	96	19	16	20	87	21	51	22	65	23	58	24	23	25	86	26	99	27	6	28	26	29	71	
	0	70	1	55	2	44	3	35	4	8	5	85	6	53	7	90	8	54	9	91	10	90	11	69	12	59	13	31	14	58	15	94	16	75	17	26	18	18	19	74	20	82	21	44	22	42	23	69	24	31	25	43	26	22	27	26	28	27	29	12	
	0	46	1	61	2	67	3	87	4	59	5	56	6	35	7	93	8	60	9	70	10	93	11	1	12	84	13	53	14	22	15	59	16	21	17	12	18	84	19	27	20	62	21	4	22	22	23	41	24	10	25	40	26	40	27	55	28	66	29	83	
	0	86	1	14	2	45	3	66	4	93	5	31	6	66	7	12	8	17	9	25	10	19	11	61	12	70	13	63	14	65	15	16	16	2	17	59	18	17	19	45	20	71	21	14	22	54	23	19	24	6	25	48	26	4	27	32	28	37	29	89	
	0	5	1	29	2	20	3	66	4	86	5	93	6	83	7	18	8	23	9	11	10	81	11	61	12	64	13	76	14	72	15	38	16	92	17	23	18	6	19	69	20	8	21	79	22	21	23	59	24	96	25	83	26	12	27	54	28	51	29	49	
	0	34	1	70	2	96	3	18	4	91	5	30	6	50	7	71	8	33	9	29	10	32	11	56	12	33	13	13	14	34	15	73	16	72	17	89	18	60	19	14	20	70	21	47	22	21	23	33	24	86	25	65	26	77	27	84	28	99	29	85	
	0	63	1	24	2	74	3	85	4	55	5	76	6	40	7	53	8	84	9	67	10	93	11	56	12	10	13	97	14	5	15	73	16	6	17	78	18	66	19	17	20	99	21	77	22	10	23	87	24	45	25	28	26	69	27	37	28	65	29	41	
	0	64	1	39	2	9	3	24	4	10	5	11	6	30	7	68	8	40	9	38	10	44	11	9	12	81	13	50	14	37	15	96	16	47	17	77	18	46	19	23	20	53	21	6	22	63	23	7	24	46	25	7	26	58	27	82	28	83	29	2	
	0	72	1	47	2	77	3	46	4	84	5	86	6	86	7	35	8	49	9	34	10	2	11	79	12	19	13	5	14	22	15	95	16	21	17	42	18	84	19	41	20	30	21	38	22	18	23	59	24	49	25	89	26	78	27	17	28	80	29	61	
	0	11	1	49	2	22	3	14	4	8	5	88	6	53	7	64	8	17	9	18	10	64	11	50	12	58	13	15	14	92	15	36	16	91	17	92	18	42	19	95	20	57	21	33	22	33	23	13	24	33	25	61	26	94	27	87	28	75	29	88	
	0	26	1	49	2	75	3	62	4	43	5	93	6	95	7	31	8	75	9	60	10	92	11	47	12	62	13	75	14	28	15	1	16	91	17	69	18	5	19	89	20	83	21	98	22	29	23	65	24	23	25	55	26	81	27	15	28	4	29	5	
	0	8	1	24	2	60	3	84	4	92	5	39	6	62	7	74	8	4	9	25	10	54	11	22	12	11	13	39	14	93	15	10	16	36	17	23	18	65	19	4	20	100	21	53	22	22	23	88	24	40	25	65	26	48	27	65	28	7	29	17	
	0	36	1	43	2	76	3	48	4	14	5	20	6	45	7	99	8	85	9	31	10	14	11	13	12	71	13	56	14	97	15	18	16	51	17	35	18	19	19	40	20	54	21	57	22	99	23	45	24	6	25	77	26	70	27	25	28	50	29	21	
	0	11	1	61	2	22	3	92	4	45	5	54	6	13	7	76	8	40	9	72	10	46	11	61	12	73	13	14	14	90	15	24	16	95	17	63	18	62	19	82	20	83	21	40	22	40	23	61	24	67	25	8	26	50	27	13	28	91	29	25	
	0	38	1	25	2	88	3	56	4	13	5	13	6	87	7	41	8	97	9	41	10	58	11	74	12	83	13	75	14	10	15	10	16	49	17	57	18	1	19	66	20	4	21	18	22	10	23	38	24	90	25	47	26	88	27	23	28	19	29	40	
	0	87	1	86	2	42	3	100	4	67	5	13	6	87	7	10	8	44	9	93	10	97	11	5	12	34	13	70	14	58	15	71	16	63	17	52	18	34	19	88	20	66	21	16	22	70	23	13	24	15	25	60	26	69	27	47	28	49	29	93	
	0	78	1	5	2	67	3	94	4	9	5	55	6	84	7	57	8	43	9	23	10	37	11	74	12	97	13	90	14	2	15	28	16	56	17	7	18	78	19	80	20	69	21	63	22	83	23	89	24	40	25	81	26	70	27	37	28	59	29	2	
	0	59	1	3	2	13	3	93	4	82	5	62	6	48	7	5	8	94	9	23	10	24	11	35	12	43	13	16	14	62	15	15	16	59	17	51	18	46	19	16	20	61	21	53	22	45	23	64	24	68	25	16	26	82	27	91	28	79	29	85	
	0	99	1	63	2	82	3	4	4	93	5	48	6	96	7	2	8	10	9	58	10	50	11	85	12	32	13	4	14	69	15	3	16	87	17	17	18	72	19	96	20	34	21	26	22	70	23	61	24	74	25	22	26	40	27	70	28	56	29	14	
	0	82	1	80	2	10	3	42	4	37	5	65	6	98	7	62	8	65	9	99	10	60	11	50	12	44	13	55	14	53	15	64	16	51	17	7	18	76	19	83	20	91	21	90	22	21	23	45	24	81	25	67	26	29	27	82	28	24	29	2	
	0	62	1	88	2	76	3	78	4	19	5	36	6	65	7	2	8	24	9	62	10	1	11	23	12	88	13	98	14	59	15	34	16	56	17	56	18	45	19	32	20	90	21	57	22	1	23	61	24	22	25	32	26	68	27	55	28	53	29	55	
	0	91	1	68	2	83	3	3	4	12	5	47	6	99	7	31	8	93	9	82	10	15	11	66	12	64	13	68	14	29	15	61	16	72	17	1	18	69	19	51	20	95	21	34	22	12	23	67	24	29	25	35	26	7	27	16	28	100	29	97	
	0	50	1	73	2	71	3	58	4	17	5	24	6	53	7	63	8	61	9	29	10	79	11	49	12	18	13	28	14	83	15	64	16	92	17	55	18	22	19	93	20	37	21	51	22	37	23	77	24	99	25	46	26	4	27	85	28	51	29	57	
	0	50	1	85	2	17	3	4	4	49	5	97	6	15	7	31	8	21	9	86	10	17	11	14	12	45	13	20	14	79	15	5	16	44	17	16	18	68	19	92	20	2	21	46	22	77	23	38	24	84	25	57	26	94	27	45	28	10	29	46	
	0	29	1	99	2	72	3	23	4	30	5	85	6	48	7	68	8	48	9	83	10	48	11	52	12	4	13	24	14	47	15	19	16	32	17	76	18	21	19	29	20	94	21	57	22	24	23	75	24	44	25	5	26	7	27	82	28	62	29	92	
	0	90	1	95	2	23	3	69	4	88	5	43	6	87	7	83	8	90	9	36	10	89	11	62	12	8	13	34	14	49	15	85	16	38	17	9	18	59	19	15	20	25	21	37	22	96	23	17	24	88	25	45	26	1	27	27	28	30	29	68	
	0	10	1	35	2	5	3	83	4	31	5	77	6	45	7	13	8	63	9	26	10	24	11	16	12	18	13	42	14	14	15	30	16	69	17	96	18	62	19	26	20	78	21	68	22	28	23	94	24	33	25	21	26	85	27	43	28	92	29	18	
	0	73	1	75	2	62	3	79	4	31	5	88	6	91	7	37	8	36	9	41	10	47	11	6	12	57	13	86	14	88	15	28	16	95	17	9	18	19	19	49	20	79	21	67	22	50	23	88	24	30	25	99	26	66	27	23	28	52	29	69	
	0	88	1	28	2	80	3	24	4	83	5	63	6	20	7	14	8	81	9	14	10	87	11	67	12	9	13	12	14	99	15	18	16	81	17	24	18	86	19	47	20	48	21	37	22	40	23	8	24	84	25	91	26	76	27	43	28	50	29	57	
	0	12	1	68	2	75	3	18	4	19	5	97	6	88	7	72	8	95	9	82	10	66	11	91	12	51	13	27	14	52	15	59	16	51	17	1	18	50	19	29	20	43	21	13	22	70	23	71	24	94	25	96	26	74	27	40	28	36	29	88	
	0	78	1	22	2	18	3	68	4	99	5	4	6	27	7	19	8	17	9	4	10	60	11	39	12	74	13	90	14	89	15	46	16	29	17	31	18	8	19	46	20	22	21	48	22	26	23	85	24	52	25	99	26	20	27	68	28	73	29	13	
	0	28	1	65	2	9	3	83	4	82	5	88	6	30	7	78	8	30	9	30	10	91	11	69	12	45	13	62	14	73	15	77	16	72	17	10	18	59	19	5	20	12	21	34	22	39	23	97	24	67	25	44	26	95	27	42	28	19	29	35	
	0	77	1	60	2	43	3	13	4	87	5	22	6	88	7	25	8	78	9	47	10	58	11	79	12	34	13	74	14	12	15	15	16	67	17	37	18	12	19	48	20	47	21	24	22	12	23	77	24	24	25	56	26	78	27	75	28	89	29	91	
	0	27	1	94	2	49	3	70	4	85	5	18	6	13	7	5	8	27	9	78	10	8	11	80	12	82	13	8	14	73	15	4	16	49	17	53	18	51	19	50	20	93	21	40	22	60	23	24	24	83	25	82	26	84	27	25	28	24	29	36	
	0	78	1	74	2	12	3	72	4	7	5	6	6	46	7	19	8	42	9	12	10	44	11	44	12	24	13	57	14	86	15	23	16	96	17	54	18	25	19	56	20	95	21	55	22	19	23	63	24	62	25	9	26	50	27	54	28	65	29	87	
	0	24	1	76	2	29	3	51	4	65	5	74	6	98	7	26	8	51	9	96	10	91	11	9	12	42	13	47	14	50	15	6	16	42	17	78	18	67	19	72	20	92	21	18	22	13	23	78	24	31	25	79	26	38	27	8	28	65	29	48	
	0	29	1	3	2	57	3	84	4	62	5	87	6	91	7	79	8	89	9	28	10	34	11	73	12	67	13	6	14	86	15	45	16	86	17	75	18	83	19	26	20	19	21	90	22	78	23	40	24	83	25	21	26	39	27	69	28	39	29	48	
	0	31	1	52	2	14	3	29	4	13	5	86	6	50	7	57	8	1	9	84	10	45	11	45	12	97	13	69	14	98	15	58	16	88	17	25	18	92	19	35	20	48	21	68	22	12	23	40	24	78	25	40	26	83	27	81	28	21	29	50	
	0	26	1	9	2	10	3	28	4	38	5	17	6	48	7	56	8	12	9	21	10	32	11	1	12	71	13	89	14	87	15	2	16	21	17	66	18	35	19	65	20	7	21	43	22	28	23	7	24	20	25	63	26	73	27	26	28	98	29	25	
	0	76	1	16	2	54	3	44	4	51	5	21	6	62	7	26	8	60	9	40	10	36	11	92	12	20	13	41	14	37	15	23	16	4	17	39	18	71	19	16	20	24	21	33	22	61	23	7	24	77	25	30	26	50	27	18	28	55	29	77	
	0	77	1	7	2	8	3	13	4	84	5	20	6	49	7	93	8	74	9	22	10	46	11	12	12	51	13	8	14	40	15	60	16	80	17	9	18	92	19	52	20	9	21	2	22	27	23	74	24	48	25	27	26	22	27	15	28	59	29	58	
	0	87	1	86	2	70	3	65	4	9	5	43	6	34	7	33	8	50	9	20	10	86	11	43	12	31	13	39	14	53	15	67	16	1	17	99	18	76	19	89	20	51	21	33	22	2	23	24	24	99	25	8	26	6	27	90	28	91	29	88	
	0	21	1	82	2	90	3	64	4	62	5	36	6	76	7	16	8	87	9	47	10	10	11	2	12	78	13	2	14	50	15	72	16	56	17	53	18	59	19	70	20	93	21	12	22	30	23	98	24	74	25	80	26	41	27	70	28	1	29	33	
	0	53	1	43	2	52	3	94	4	44	5	52	6	81	7	44	8	63	9	38	10	52	11	55	12	71	13	37	14	61	15	50	16	23	17	21	18	2	19	16	20	42	21	40	22	15	23	13	24	87	25	47	26	26	27	40	28	45	29	33	
	0	22	1	68	2	98	3	7	4	55	5	74	6	80	7	58	8	18	9	45	10	44	11	35	12	79	13	60	14	19	15	96	16	73	17	29	18	42	19	69	20	19	21	22	22	29	23	18	24	58	25	54	26	52	27	80	28	66	29	3	
	0	82	1	52	2	41	3	63	4	96	5	87	6	98	7	82	8	75	9	24	10	7	11	2	12	38	13	33	14	36	15	22	16	30	17	53	18	37	19	77	20	79	21	31	22	42	23	39	24	100	25	91	26	29	27	21	28	88	29	14	
	0	64	1	42	2	45	3	91	4	6	5	94	6	58	7	53	8	61	9	3	10	44	11	1	12	71	13	72	14	41	15	98	16	78	17	94	18	98	19	100	20	80	21	95	22	15	23	85	24	11	25	21	26	53	27	55	28	54	29	83	
	0	47	1	43	2	18	3	27	4	18	5	36	6	69	7	56	8	100	9	92	10	57	11	84	12	84	13	35	14	29	15	31	16	1	17	41	18	29	19	11	20	13	21	26	22	39	23	51	24	88	25	6	26	11	27	26	28	58	29	40	
	0	83	1	92	2	1	3	64	4	88	5	44	6	8	7	76	8	2	9	90	10	74	11	52	12	18	13	14	14	15	15	50	16	27	17	23	18	18	19	97	20	62	21	21	22	79	23	47	24	75	25	88	26	24	27	38	28	25	29	45	
	0	3	1	99	2	30	3	48	4	99	5	93	6	45	7	36	8	96	9	26	10	85	11	16	12	52	13	77	14	63	15	83	16	73	17	83	18	59	19	35	20	53	21	16	22	88	23	60	24	53	25	90	26	10	27	87	28	26	29	17	
	0	10	1	78	2	82	3	31	4	73	5	86	6	43	7	82	8	41	9	32	10	10	11	19	12	29	13	34	14	27	15	67	16	88	17	13	18	97	19	14	20	30	21	45	22	100	23	97	24	95	25	33	26	99	27	87	28	37	29	69	
	0	86	1	91	2	65	3	74	4	1	5	54	6	37	7	87	8	67	9	60	10	41	11	71	12	9	13	38	14	92	15	36	16	5	17	62	18	26	19	28	20	80	21	82	22	12	23	23	24	85	25	20	26	52	27	39	28	9	29	59	
	0	92	1	59	2	80	3	88	4	22	5	100	6	4	7	92	8	70	9	75	10	6	11	33	12	72	13	41	14	42	15	68	16	60	17	81	18	32	19	77	20	72	21	70	22	93	23	48	24	77	25	13	26	19	27	68	28	90	29	86	
	0	18	1	98	2	99	3	48	4	12	5	8	6	2	7	60	8	40	9	34	10	4	11	50	12	80	13	34	14	94	15	78	16	24	17	44	18	22	19	34	20	7	21	14	22	2	23	17	24	37	25	67	26	21	27	33	28	18	29	71	
	0	82	1	62	2	31	3	11	4	42	5	47	6	15	7	51	8	8	9	2	10	21	11	23	12	43	13	43	14	77	15	40	16	32	17	71	18	25	19	100	20	23	21	71	22	62	23	48	24	97	25	16	26	80	27	27	28	40	29	89	
	0	43	1	64	2	67	3	100	4	96	5	15	6	96	7	47	8	76	9	93	10	5	11	99	12	59	13	12	14	79	15	72	16	33	17	5	18	22	19	27	20	83	21	32	22	49	23	75	24	57	25	56	26	45	27	79	28	85	29	54	
	0	78	1	15	2	96	3	11	4	98	5	43	6	96	7	5	8	83	9	41	10	74	11	6	12	48	13	62	14	97	15	93	16	76	17	91	18	77	19	95	20	86	21	98	22	34	23	17	24	49	25	36	26	21	27	20	28	8	29	11	
	0	61	1	65	2	66	3	69	4	90	5	40	6	26	7	92	8	40	9	74	10	49	11	13	12	71	13	70	14	17	15	83	16	24	17	65	18	37	19	69	20	59	21	64	22	58	23	68	24	55	25	71	26	83	27	68	28	60	29	29	
	0	88	1	79	2	92	3	39	4	66	5	15	6	86	7	95	8	39	9	25	10	7	11	81	12	8	13	70	14	75	15	89	16	21	17	55	18	28	19	96	20	52	21	13	22	57	23	6	24	90	25	50	26	38	27	33	28	3	29	76	
	0	32	1	99	2	77	3	27	4	26	5	53	6	72	7	19	8	75	9	48	10	82	11	92	12	50	13	3	14	2	15	89	16	64	17	99	18	3	19	53	20	84	21	95	22	3	23	89	24	58	25	75	26	9	27	83	28	63	29	87	
	0	21	1	8	2	8	3	26	4	18	5	20	6	58	7	26	8	42	9	95	10	5	11	83	12	34	13	16	14	53	15	31	16	92	17	31	18	15	19	60	20	68	21	37	22	77	23	26	24	63	25	19	26	62	27	37	28	63	29	4	
	0	5	1	2	2	56	3	39	4	60	5	34	6	59	7	93	8	64	9	68	10	18	11	4	12	100	13	84	14	83	15	46	16	48	17	54	18	7	19	53	20	17	21	20	22	7	23	27	24	26	25	64	26	25	27	20	28	30	29	2	
	0	61	1	19	2	5	3	14	4	14	5	10	6	56	7	95	8	45	9	30	10	50	11	47	12	33	13	90	14	1	15	47	16	26	17	92	18	82	19	3	20	73	21	26	22	73	23	96	24	40	25	8	26	69	27	66	28	71	29	4	
	0	40	1	76	2	98	3	86	4	6	5	26	6	41	7	25	8	57	9	34	10	87	11	91	12	62	13	72	14	75	15	5	16	26	17	1	18	51	19	24	20	40	21	15	22	99	23	29	24	15	25	66	26	72	27	71	28	11	29	23	
	0	22	1	82	2	38	3	2	4	27	5	8	6	61	7	99	8	35	9	72	10	29	11	25	12	38	13	77	14	88	15	22	16	96	17	92	18	89	19	44	20	29	21	6	22	33	23	50	24	48	25	29	26	15	27	55	28	98	29	16	
	0	39	1	27	2	18	3	79	4	94	5	51	6	19	7	38	8	2	9	60	10	54	11	95	12	58	13	5	14	52	15	82	16	34	17	2	18	24	19	100	20	41	21	93	22	20	23	84	24	78	25	7	26	14	27	83	28	25	29	64	
	0	31	1	12	2	95	3	24	4	95	5	52	6	66	7	81	8	18	9	86	10	41	11	10	12	31	13	85	14	31	15	39	16	24	17	49	18	6	19	100	20	87	21	97	22	66	23	48	24	72	25	68	26	91	27	14	28	76	29	3	
	0	77	1	91	2	30	3	42	4	8	5	19	6	32	7	66	8	13	9	27	10	93	11	46	12	73	13	36	14	70	15	88	16	16	17	53	18	76	19	87	20	40	21	3	22	5	23	75	24	4	25	25	26	26	27	57	28	92	29	32	
	0	73	1	16	2	32	3	17	4	43	5	26	6	41	7	87	8	83	9	76	10	4	11	9	12	11	13	22	14	58	15	79	16	11	17	14	18	17	19	53	20	100	21	30	22	94	23	40	24	46	25	6	26	75	27	45	28	30	29	28	
	0	44	1	89	2	43	3	32	4	61	5	99	6	19	7	28	8	7	9	66	10	19	11	65	12	45	13	34	14	29	15	28	16	74	17	54	18	90	19	67	20	62	21	41	22	48	23	21	24	10	25	22	26	85	27	77	28	40	29	90	
	0	99	1	92	2	79	3	48	4	32	5	97	6	87	7	55	8	10	9	81	10	30	11	72	12	11	13	36	14	85	15	100	16	58	17	78	18	67	19	86	20	19	21	89	22	31	23	90	24	9	25	56	26	60	27	37	28	96	29	93	
	0	41	1	37	2	93	3	81	4	3	5	46	6	90	7	16	8	16	9	3	10	98	11	96	12	82	13	42	14	25	15	18	16	57	17	58	18	22	19	47	20	50	21	83	22	18	23	10	24	65	25	25	26	99	27	56	28	65	29	82	
	0	33	1	94	2	4	3	75	4	80	5	55	6	14	7	34	8	47	9	57	10	16	11	77	12	89	13	97	14	26	15	83	16	15	17	19	18	88	19	60	20	18	21	52	22	46	23	24	24	55	25	15	26	55	27	17	28	29	29	28	
	0	85	1	77	2	1	3	44	4	60	5	22	6	25	7	26	8	37	9	9	10	8	11	27	12	81	13	67	14	39	15	96	16	31	17	72	18	10	19	46	20	82	21	82	22	5	23	67	24	60	25	61	26	85	27	72	28	21	29	29	
	0	47	1	84	2	32	3	5	4	12	5	90	6	13	7	32	8	4	9	11	10	3	11	38	12	33	13	15	14	76	15	68	16	31	17	66	18	24	19	57	20	62	21	65	22	3	23	80	24	96	25	70	26	64	27	3	28	18	29	29	
	0	19	1	31	2	57	3	76	4	57	5	19	6	38	7	90	8	59	9	19	10	60	11	49	12	81	13	14	14	98	15	81	16	82	17	67	18	73	19	42	20	38	21	41	22	87	23	42	24	55	25	2	26	30	27	37	28	61	29	34	
	0	60	1	9	2	37	3	53	4	44	5	49	6	81	7	46	8	35	9	58	10	22	11	17	12	25	13	97	14	27	15	24	16	71	17	97	18	66	19	82	20	30	21	37	22	93	23	88	24	13	25	66	26	67	27	64	28	99	29	2	
	0	48	1	97	2	52	3	38	4	71	5	25	6	96	7	6	8	12	9	3	10	31	11	22	12	63	13	64	14	76	15	46	16	32	17	97	18	75	19	75	20	96	21	83	22	65	23	1	24	52	25	12	26	76	27	40	28	33	29	50	
	0	100	1	27	2	65	3	80	4	30	5	14	6	42	7	86	8	16	9	43	10	69	11	46	12	74	13	72	14	85	15	98	16	72	17	63	18	25	19	44	20	40	21	74	22	44	23	32	24	26	25	56	26	40	27	62	28	8	29	82	
	0	95	1	52	2	100	3	23	4	11	5	20	6	19	7	5	8	25	9	47	10	52	11	93	12	73	13	94	14	96	15	50	16	76	17	21	18	21	19	91	20	34	21	86	22	9	23	19	24	86	25	36	26	58	27	93	28	69	29	20	
	0	4	1	74	2	4	3	26	4	68	5	91	6	55	7	25	8	57	9	61	10	99	11	22	12	4	13	3	14	3	15	47	16	40	17	29	18	56	19	15	20	68	21	91	22	50	23	54	24	33	25	66	26	3	27	35	28	25	29	29	
	0	34	1	34	2	2	3	21	4	40	5	20	6	19	7	65	8	5	9	98	10	64	11	12	12	94	13	42	14	42	15	97	16	36	17	50	18	52	19	45	20	81	21	99	22	20	23	37	24	54	25	25	26	9	27	59	28	77	29	97	
	0	25	1	55	2	52	3	63	4	96	5	19	6	83	7	51	8	42	9	71	10	4	11	80	12	26	13	72	14	94	15	59	16	55	17	87	18	4	19	18	20	30	21	70	22	79	23	57	24	50	25	52	26	90	27	19	28	30	29	6	
	0	34	1	89	2	89	3	95	4	43	5	48	6	28	7	24	8	2	9	77	10	15	11	92	12	73	13	74	14	66	15	62	16	13	17	33	18	29	19	30	20	83	21	20	22	96	23	72	24	39	25	36	26	21	27	97	28	41	29	19	
	0	38	1	34	2	25	3	69	4	74	5	69	6	90	7	12	8	100	9	35	10	7	11	27	12	17	13	89	14	12	15	93	16	16	17	37	18	16	19	92	20	35	21	1	22	52	23	88	24	72	25	34	26	15	27	98	28	5	29	46	
	0	84	1	1	2	34	3	64	4	14	5	96	6	74	7	54	8	86	9	36	10	13	11	25	12	64	13	33	14	33	15	37	16	68	17	48	18	79	19	28	20	8	21	39	22	94	23	96	24	76	25	21	26	79	27	1	28	57	29	98	
	0	63	1	77	2	70	3	95	4	66	5	16	6	9	7	62	8	89	9	52	10	31	11	91	12	91	13	82	14	92	15	8	16	50	17	72	18	18	19	60	20	33	21	46	22	24	23	28	24	77	25	35	26	66	27	8	28	93	29	77	
	0	92	1	60	2	75	3	89	4	33	5	34	6	70	7	38	8	90	9	99	10	97	11	66	12	40	13	14	14	62	15	10	16	31	17	82	18	81	19	42	20	37	21	61	22	52	23	20	24	84	25	38	26	52	27	43	28	11	29	56	
	0	62	1	73	2	28	3	84	4	71	5	83	6	34	7	20	8	62	9	5	10	30	11	95	12	8	13	61	14	74	15	1	16	34	17	32	18	5	19	36	20	60	21	72	22	55	23	98	24	13	25	98	26	52	27	13	28	36	29	35	
	0	35	1	98	2	98	3	39	4	25	5	57	6	69	7	78	8	36	9	97	10	97	11	2	12	60	13	42	14	50	15	55	16	17	17	67	18	43	19	50	20	83	21	95	22	98	23	81	24	65	25	7	26	52	27	67	28	68	29	49	
	0	41	1	72	2	29	3	29	4	16	5	41	6	72	7	89	8	81	9	30	10	13	11	96	12	25	13	29	14	87	15	52	16	86	17	47	18	80	19	80	20	13	21	10	22	99	23	49	24	48	25	21	26	26	27	85	28	69	29	45	
	0	4	1	11	2	61	3	48	4	10	5	89	6	58	7	84	8	39	9	43	10	90	11	99	12	22	13	2	14	76	15	74	16	13	17	33	18	84	19	89	20	4	21	41	22	7	23	32	24	31	25	68	26	5	27	16	28	88	29	4	
	0	4	1	62	2	29	3	25	4	74	5	57	6	50	7	28	8	3	9	92	10	36	11	3	12	68	13	14	14	35	15	38	16	52	17	25	18	34	19	5	20	97	21	94	22	36	23	2	24	3	25	86	26	13	27	26	28	2	29	63	
	0	96	1	51	2	13	3	79	4	82	5	16	6	20	7	71	8	77	9	52	10	18	11	52	12	98	13	37	14	68	15	74	16	67	17	53	18	11	19	89	20	44	21	69	22	61	23	4	24	6	25	34	26	91	27	27	28	15	29	1	
	0	98	1	45	2	2	3	10	4	48	5	52	6	47	7	12	8	98	9	88	10	58	11	69	12	53	13	78	14	69	15	93	16	97	17	59	18	23	19	46	20	42	21	63	22	88	23	3	24	78	25	54	26	31	27	5	28	93	29	90	
	0	29	1	71	2	97	3	47	4	93	5	6	6	97	7	64	8	52	9	5	10	92	11	86	12	5	13	52	14	58	15	12	16	69	17	83	18	16	19	89	20	38	21	50	22	45	23	91	24	19	25	32	26	2	27	1	28	62	29	100	
	0	15	1	40	2	81	3	14	4	76	5	91	6	50	7	87	8	39	9	76	10	49	11	15	12	15	13	64	14	4	15	56	16	14	17	15	18	54	19	16	20	68	21	61	22	81	23	77	24	84	25	93	26	68	27	60	28	49	29	43	
	0	61	1	31	2	74	3	28	4	40	5	1	6	86	7	75	8	64	9	40	10	44	11	33	12	98	13	71	14	78	15	66	16	57	17	58	18	73	19	50	20	73	21	6	22	41	23	62	24	8	25	34	26	19	27	76	28	59	29	87	
	0	73	1	59	2	73	3	9	4	58	5	48	6	83	7	51	8	12	9	18	10	24	11	86	12	90	13	24	14	8	15	83	16	78	17	9	18	24	19	45	20	11	21	23	22	1	23	34	24	4	25	100	26	23	27	65	28	46	29	58	
	0	72	1	74	2	29	3	21	4	26	5	11	6	87	7	66	8	97	9	34	10	61	11	77	12	18	13	92	14	74	15	92	16	73	17	100	18	66	19	40	20	15	21	74	22	8	23	96	24	69	25	92	26	72	27	8	28	5	29	3	
	0	5	1	21	2	43	3	3	4	54	5	1	6	79	7	40	8	33	9	35	10	9	11	25	12	97	13	50	14	61	15	31	16	1	17	100	18	3	19	47	20	78	21	43	22	64	23	33	24	68	25	70	26	47	27	60	28	6	29	21	
	0	19	1	84	2	76	3	1	4	80	5	91	6	98	7	48	8	48	9	41	10	92	11	35	12	94	13	59	14	21	15	75	16	91	17	10	18	57	19	59	20	69	21	82	22	7	23	26	24	43	25	25	26	23	27	81	28	87	29	87	
	0	41	1	71	2	56	3	87	4	74	5	40	6	100	7	79	8	41	9	33	10	19	11	53	12	91	13	98	14	1	15	94	16	88	17	4	18	21	19	86	20	59	21	46	22	47	23	78	24	16	25	18	26	22	27	99	28	40	29	72	
	0	87	1	91	2	81	3	14	4	9	5	92	6	77	7	12	8	34	9	93	10	74	11	93	12	6	13	37	14	24	15	23	16	79	17	9	18	66	19	47	20	70	21	2	22	3	23	36	24	37	25	72	26	65	27	26	28	23	29	6	
	0	97	1	36	2	76	3	77	4	43	5	67	6	22	7	100	8	63	9	43	10	53	11	79	12	53	13	82	14	86	15	17	16	57	17	8	18	49	19	32	20	36	21	90	22	12	23	63	24	61	25	47	26	68	27	14	28	19	29	70	
	0	46	1	54	2	12	3	18	4	47	5	14	6	62	7	25	8	74	9	19	10	81	11	18	12	87	13	47	14	47	15	22	16	26	17	40	18	12	19	19	20	33	21	91	22	90	23	4	24	39	25	81	26	8	27	9	28	46	29	2	
	0	70	1	75	2	17	3	45	4	59	5	40	6	75	7	24	8	43	9	44	10	50	11	72	12	24	13	20	14	24	15	47	16	7	17	61	18	3	19	94	20	27	21	92	22	45	23	82	24	59	25	74	26	93	27	14	28	82	29	75	
	0	13	1	78	2	85	3	80	4	57	5	80	6	60	7	46	8	80	9	40	10	17	11	9	12	26	13	28	14	90	15	36	16	22	17	9	18	89	19	21	20	41	21	96	22	43	23	73	24	4	25	37	26	91	27	78	28	16	29	21	
	0	14	1	65	2	68	3	36	4	32	5	65	6	81	7	33	8	32	9	78	10	78	11	31	12	4	13	99	14	49	15	86	16	100	17	21	18	58	19	11	20	46	21	32	22	64	23	5	24	68	25	72	26	46	27	48	28	23	29	42	
	0	73	1	56	2	67	3	59	4	51	5	35	6	23	7	42	8	19	9	40	10	15	11	90	12	73	13	27	14	37	15	10	16	96	17	35	18	86	19	92	20	81	21	52	22	18	23	21	24	3	25	74	26	58	27	67	28	92	29	23	
	0	38	1	86	2	87	3	35	4	70	5	60	6	70	7	14	8	27	9	68	10	12	11	65	12	33	13	67	14	81	15	30	16	23	17	6	18	7	19	82	20	12	21	17	22	2	23	67	24	91	25	52	26	26	27	95	28	41	29	19	
	0	4	1	74	2	16	3	92	4	91	5	48	6	80	7	66	8	58	9	35	10	20	11	58	12	84	13	34	14	6	15	33	16	15	17	22	18	27	19	48	20	5	21	48	22	93	23	16	24	41	25	94	26	67	27	34	28	19	29	95	
	0	49	1	99	2	72	3	29	4	70	5	78	6	57	7	20	8	75	9	55	10	65	11	57	12	37	13	36	14	30	15	26	16	90	17	51	18	77	19	93	20	88	21	71	22	91	23	24	24	7	25	100	26	58	27	72	28	90	29	58	
	0	80	1	47	2	34	3	66	4	62	5	16	6	43	7	27	8	84	9	89	10	24	11	88	12	41	13	91	14	66	15	31	16	91	17	59	18	56	19	27	20	29	21	34	22	18	23	71	24	81	25	51	26	8	27	22	28	89	29	52	
	0	35	1	60	2	89	3	2	4	64	5	31	6	12	7	83	8	76	9	40	10	13	11	39	12	63	13	64	14	85	15	51	16	4	17	54	18	98	19	17	20	66	21	35	22	18	23	88	24	30	25	77	26	50	27	73	28	70	29	74	
	0	31	1	88	2	2	3	73	4	68	5	93	6	94	7	31	8	97	9	86	10	76	11	71	12	48	13	69	14	64	15	49	16	97	17	12	18	86	19	29	20	36	21	17	22	82	23	72	24	20	25	33	26	27	27	68	28	43	29	85	
	0	47	1	76	2	10	3	95	4	80	5	95	6	19	7	23	8	98	9	46	10	10	11	61	12	23	13	58	14	56	15	48	16	23	17	65	18	53	19	34	20	48	21	100	22	85	23	34	24	58	25	65	26	96	27	4	28	58	29	8	
	0	80	1	79	2	97	3	31	4	60	5	13	6	64	7	88	8	70	9	57	10	98	11	71	12	93	13	13	14	26	15	32	16	82	17	39	18	11	19	29	20	17	21	37	22	43	23	52	24	93	25	10	26	80	27	12	28	72	29	100	
	0	54	1	89	2	60	3	36	4	90	5	61	6	36	7	70	8	87	9	16	10	83	11	18	12	11	13	16	14	80	15	44	16	61	17	2	18	29	19	15	20	58	21	28	22	86	23	89	24	50	25	40	26	11	27	46	28	89	29	35	
	0	74	1	47	2	44	3	80	4	100	5	88	6	23	7	16	8	90	9	38	10	56	11	89	12	12	13	71	14	65	15	75	16	17	17	47	18	58	19	43	20	15	21	91	22	31	23	32	24	66	25	49	26	98	27	84	28	8	29	76	
	0	98	1	43	2	77	3	72	4	55	5	44	6	44	7	54	8	8	9	9	10	18	11	33	12	51	13	65	14	53	15	63	16	48	17	49	18	74	19	38	20	71	21	55	22	30	23	52	24	73	25	39	26	91	27	15	28	98	29	53	
	0	71	1	48	2	33	3	92	4	89	5	91	6	75	7	89	8	51	9	94	10	33	11	75	12	80	13	10	14	93	15	51	16	68	17	59	18	84	19	30	20	14	21	2	22	4	23	10	24	86	25	49	26	53	27	78	28	64	29	42	
	0	82	1	26	2	5	3	1	4	35	5	74	6	62	7	32	8	73	9	39	10	34	11	70	12	89	13	100	14	45	15	3	16	57	17	56	18	51	19	30	20	33	21	17	22	53	23	21	24	60	25	81	26	12	27	23	28	20	29	13	
	0	89	1	98	2	79	3	55	4	82	5	80	6	83	7	16	8	64	9	87	10	12	11	11	12	48	13	35	14	66	15	94	16	100	17	68	18	56	19	51	20	86	21	29	22	63	23	43	24	52	25	89	26	95	27	67	28	36	29	78	
	0	4	1	72	2	34	3	3	4	89	5	64	6	94	7	32	8	59	9	15	10	27	11	4	12	32	13	100	14	35	15	80	16	27	17	14	18	36	19	11	20	85	21	28	22	42	23	84	24	6	25	37	26	17	27	32	28	62	29	84	
	0	22	1	53	2	2	3	90	4	36	5	97	6	62	7	98	8	56	9	46	10	6	11	7	12	88	13	39	14	70	15	31	16	88	17	14	18	87	19	80	20	55	21	69	22	20	23	79	24	87	25	70	26	33	27	52	28	98	29	28	
	0	44	1	4	2	77	3	52	4	86	5	52	6	69	7	53	8	68	9	96	10	100	11	69	12	19	13	64	14	18	15	16	16	98	17	46	18	2	19	40	20	32	21	7	22	97	23	30	24	30	25	88	26	65	27	43	28	6	29	15	
	0	50	1	35	2	26	3	32	4	82	5	44	6	52	7	18	8	75	9	49	10	71	11	66	12	80	13	10	14	32	15	82	16	97	17	3	18	54	19	59	20	43	21	67	22	28	23	21	24	76	25	10	26	2	27	36	28	43	29	20	
	0	63	1	4	2	37	3	59	4	10	5	99	6	40	7	33	8	87	9	32	10	1	11	54	12	90	13	8	14	10	15	48	16	31	17	68	18	77	19	56	20	92	21	25	22	16	23	26	24	40	25	36	26	73	27	57	28	73	29	42	
	0	2	1	53	2	70	3	61	4	87	5	42	6	83	7	58	8	41	9	74	10	1	11	33	12	39	13	24	14	25	15	7	16	74	17	40	18	73	19	83	20	78	21	75	22	64	23	41	24	93	25	15	26	28	27	81	28	53	29	23	
	0	22	1	71	2	10	3	5	4	1	5	36	6	16	7	26	8	7	9	11	10	34	11	60	12	41	13	39	14	89	15	35	16	65	17	86	18	18	19	57	20	79	21	95	22	36	23	76	24	77	25	13	26	45	27	2	28	52	29	63	
	0	91	1	61	2	73	3	41	4	34	5	25	6	97	7	5	8	33	9	1	10	62	11	56	12	42	13	38	14	38	15	16	16	12	17	8	18	1	19	41	20	36	21	24	22	11	23	16	24	32	25	19	26	47	27	56	28	28	29	52	
	0	56	1	56	2	99	3	77	4	67	5	34	6	39	7	68	8	54	9	42	10	56	11	69	12	36	13	48	14	19	15	13	16	54	17	61	18	14	19	61	20	38	21	21	22	89	23	57	24	18	25	1	26	8	27	16	28	51	29	35	
	0	84	1	12	2	16	3	6	4	33	5	36	6	71	7	10	8	80	9	75	10	24	11	37	12	43	13	93	14	86	15	4	16	42	17	16	18	63	19	37	20	17	21	87	22	47	23	33	24	76	25	95	26	24	27	19	28	42	29	83	
	0	36	1	83	2	27	3	79	4	20	5	78	6	69	7	91	8	82	9	63	10	18	11	29	12	7	13	27	14	1	15	72	16	24	17	86	18	70	19	76	20	42	21	78	22	52	23	35	24	80	25	77	26	46	27	2	28	1	29	38	
	0	89	1	81	2	99	3	29	4	6	5	17	6	92	7	60	8	99	9	32	10	55	11	11	12	33	13	91	14	59	15	44	16	26	17	92	18	52	19	32	20	8	21	40	22	51	23	98	24	3	25	95	26	62	27	66	28	82	29	19	
	0	92	1	82	2	25	3	92	4	31	5	96	6	68	7	57	8	15	9	52	10	100	11	64	12	14	13	49	14	21	15	100	16	31	17	48	18	62	19	44	20	33	21	50	22	56	23	65	24	38	25	30	26	26	27	100	28	4	29	38	
	0	2	1	94	2	59	3	55	4	35	5	89	6	20	7	93	8	18	9	56	10	55	11	81	12	70	13	88	14	76	15	94	16	29	17	5	18	85	19	34	20	1	21	40	22	60	23	74	24	62	25	38	26	43	27	54	28	1	29	83	
	0	90	1	31	2	44	3	50	4	76	5	40	6	21	7	48	8	51	9	43	10	40	11	73	12	14	13	84	14	47	15	70	16	17	17	44	18	21	19	65	20	24	21	84	22	100	23	84	24	15	25	18	26	9	27	76	28	2	29	9	
	0	16	1	18	2	37	3	53	4	64	5	39	6	57	7	10	8	85	9	34	10	7	11	30	12	34	13	68	14	89	15	81	16	30	17	20	18	7	19	37	20	43	21	77	22	71	23	40	24	74	25	32	26	70	27	13	28	45	29	74	
	0	83	1	12	2	96	3	31	4	29	5	46	6	80	7	39	8	80	9	61	10	57	11	49	12	93	13	10	14	35	15	66	16	81	17	92	18	44	19	100	20	72	21	64	22	61	23	73	24	95	25	62	26	30	27	27	28	60	29	76	
	0	72	1	93	2	93	3	76	4	44	5	36	6	61	7	44	8	2	9	67	10	86	11	61	12	11	13	99	14	36	15	63	16	11	17	31	18	24	19	80	20	7	21	92	22	32	23	74	24	96	25	39	26	44	27	16	28	62	29	63	
	0	97	1	57	2	48	3	25	4	34	5	6	6	48	7	55	8	89	9	10	10	86	11	58	12	44	13	77	14	26	15	10	16	68	17	42	18	60	19	70	20	95	21	11	22	28	23	42	24	82	25	10	26	43	27	30	28	79	29	48	
	0	38	1	63	2	13	3	42	4	13	5	45	6	68	7	9	8	36	9	91	10	53	11	33	12	17	13	5	14	56	15	54	16	75	17	88	18	82	19	14	20	100	21	48	22	34	23	39	24	28	25	80	26	62	27	12	28	23	29	16	
	0	38	1	31	2	100	3	47	4	1	5	7	6	41	7	37	8	93	9	52	10	92	11	91	12	30	13	39	14	99	15	47	16	7	17	36	18	72	19	55	20	77	21	16	22	83	23	65	24	36	25	25	26	70	27	49	28	1	29	4	
	0	80	1	90	2	97	3	5	4	57	5	79	6	49	7	98	8	90	9	46	10	75	11	46	12	96	13	5	14	56	15	26	16	96	17	37	18	9	19	79	20	90	21	33	22	78	23	35	24	55	25	11	26	63	27	76	28	30	29	60	
	0	62	1	71	2	5	3	35	4	74	5	78	6	46	7	79	8	60	9	53	10	41	11	24	12	27	13	40	14	45	15	12	16	10	17	58	18	15	19	54	20	61	21	63	22	42	23	16	24	72	25	98	26	14	27	85	28	82	29	6	
	0	16	1	79	2	5	3	36	4	55	5	59	6	44	7	46	8	66	9	64	10	26	11	43	12	33	13	38	14	69	15	22	16	1	17	23	18	48	19	21	20	49	21	44	22	29	23	91	24	15	25	86	26	4	27	60	28	96	29	25	
	0	52	1	73	2	36	3	5	4	99	5	43	6	6	7	67	8	91	9	92	10	5	11	28	12	72	13	77	14	51	15	17	16	13	17	87	18	58	19	4	20	75	21	57	22	65	23	3	24	36	25	36	26	97	27	2	28	61	29	38	
	0	3	1	59	2	67	3	58	4	55	5	58	6	60	7	60	8	45	9	47	10	78	11	73	12	83	13	80	14	69	15	49	16	86	17	88	18	91	19	73	20	39	21	78	22	78	23	53	24	37	25	40	26	5	27	34	28	84	29	51	
	0	79	1	78	2	17	3	84	4	29	5	32	6	51	7	93	8	35	9	100	10	89	11	78	12	59	13	37	14	16	15	32	16	13	17	21	18	60	19	68	20	51	21	94	22	20	23	57	24	89	25	54	26	78	27	27	28	38	29	69	
	0	36	1	71	2	38	3	47	4	18	5	40	6	15	7	41	8	78	9	36	10	4	11	34	12	10	13	77	14	32	15	63	16	32	17	84	18	13	19	84	20	75	21	64	22	53	23	7	24	70	25	33	26	69	27	30	28	91	29	43	
	0	85	1	48	2	22	3	65	4	20	5	42	6	60	7	26	8	62	9	87	10	55	11	82	12	39	13	74	14	23	15	87	16	22	17	53	18	40	19	65	20	12	21	11	22	19	23	81	24	32	25	19	26	27	27	57	28	13	29	79	
	0	78	1	92	2	99	3	21	4	41	5	68	6	22	7	73	8	24	9	62	10	60	11	91	12	22	13	19	14	37	15	41	16	37	17	89	18	26	19	73	20	35	21	81	22	51	23	45	24	62	25	18	26	46	27	76	28	57	29	51	
	0	26	1	20	2	52	3	19	4	80	5	6	6	12	7	86	8	10	9	66	10	85	11	33	12	82	13	45	14	71	15	83	16	82	17	46	18	72	19	83	20	46	21	16	22	80	23	53	24	33	25	6	26	41	27	96	28	69	29	8	
	0	51	1	58	2	39	3	74	4	52	5	8	6	52	7	44	8	69	9	34	10	3	11	48	12	13	13	51	14	8	15	61	16	54	17	10	18	96	19	81	20	67	21	83	22	99	23	2	24	81	25	65	26	7	27	58	28	91	29	66	
	0	95	1	76	2	49	3	58	4	64	5	92	6	83	7	54	8	47	9	2	10	27	11	60	12	26	13	80	14	49	15	63	16	5	17	78	18	96	19	28	20	50	21	95	22	35	23	16	24	84	25	54	26	2	27	14	28	24	29	90	
	0	70	1	89	2	46	3	4	4	7	5	47	6	10	7	78	8	97	9	42	10	49	11	22	12	15	13	64	14	58	15	97	16	25	17	58	18	91	19	18	20	44	21	61	22	61	23	90	24	48	25	48	26	7	27	17	28	49	29	6	
	0	8	1	41	2	75	3	9	4	91	5	96	6	81	7	17	8	89	9	84	10	26	11	51	12	54	13	18	14	71	15	90	16	92	17	35	18	36	19	19	20	37	21	31	22	81	23	57	24	23	25	68	26	1	27	43	28	47	29	39	
	0	55	1	59	2	80	3	99	4	6	5	89	6	22	7	47	8	71	9	40	10	23	11	15	12	57	13	90	14	53	15	51	16	97	17	34	18	83	19	54	20	43	21	47	22	90	23	61	24	69	25	88	26	40	27	61	28	87	29	26	
	0	76	1	4	2	9	3	3	4	79	5	12	6	10	7	41	8	31	9	86	10	78	11	29	12	50	13	70	14	26	15	30	16	52	17	72	18	87	19	12	20	27	21	27	22	97	23	57	24	60	25	38	26	95	27	58	28	18	29	51	
	0	22	1	89	2	41	3	28	4	94	5	92	6	61	7	45	8	88	9	86	10	2	11	53	12	93	13	30	14	70	15	65	16	83	17	64	18	45	19	35	20	27	21	40	22	65	23	93	24	48	25	42	26	25	27	48	28	60	29	51	
	0	24	1	12	2	97	3	67	4	72	5	6	6	66	7	4	8	99	9	49	10	83	11	32	12	11	13	84	14	87	15	92	16	2	17	9	18	82	19	63	20	58	21	26	22	32	23	94	24	68	25	92	26	77	27	41	28	14	29	64	
	0	74	1	88	2	35	3	15	4	85	5	72	6	71	7	24	8	13	9	1	10	77	11	5	12	56	13	38	14	73	15	98	16	79	17	91	18	26	19	56	20	4	21	52	22	41	23	10	24	83	25	54	26	100	27	72	28	35	29	51	
	0	99	1	78	2	87	3	47	4	33	5	97	6	5	7	74	8	27	9	51	10	31	11	37	12	61	13	7	14	67	15	21	16	6	17	65	18	66	19	59	20	31	21	76	22	92	23	38	24	99	25	51	26	98	27	100	28	58	29	6	
	0	24	1	15	2	68	3	38	4	66	5	77	6	78	7	64	8	10	9	82	10	52	11	42	12	37	13	78	14	38	15	25	16	52	17	60	18	45	19	67	20	73	21	69	22	56	23	25	24	67	25	18	26	60	27	5	28	98	29	84	
	0	46	1	49	2	41	3	34	4	61	5	56	6	23	7	6	8	1	9	62	10	28	11	74	12	94	13	24	14	97	15	51	16	9	17	2	18	14	19	71	20	77	21	89	22	65	23	83	24	34	25	41	26	69	27	72	28	28	29	11	
	0	12	1	50	2	26	3	93	4	81	5	36	6	22	7	67	8	50	9	39	10	70	11	98	12	15	13	82	14	33	15	4	16	97	17	23	18	64	19	43	20	2	21	32	22	59	23	10	24	88	25	6	26	28	27	22	28	73	29	43	
	0	75	1	87	2	7	3	99	4	49	5	83	6	89	7	4	8	31	9	88	10	15	11	62	12	97	13	61	14	66	15	97	16	41	17	51	18	32	19	16	20	70	21	26	22	99	23	44	24	75	25	16	26	60	27	51	28	22	29	83	
	0	72	1	99	2	37	3	3	4	91	5	65	6	60	7	2	8	29	9	62	10	100	11	11	12	6	13	36	14	16	15	46	16	62	17	68	18	82	19	81	20	26	21	13	22	8	23	9	24	10	25	82	26	62	27	73	28	88	29	48	
	0	53	1	61	2	46	3	45	4	14	5	11	6	16	7	21	8	37	9	82	10	89	11	67	12	80	13	23	14	16	15	82	16	76	17	89	18	90	19	15	20	24	21	66	22	27	23	98	24	13	25	72	26	7	27	67	28	34	29	98	
	0	12	1	90	2	36	3	75	4	42	5	57	6	2	7	65	8	62	9	95	10	64	11	95	12	8	13	79	14	69	15	2	16	71	17	70	18	27	19	46	20	59	21	48	22	38	23	93	24	28	25	10	26	38	27	29	28	97	29	70	
	0	32	1	75	2	100	3	2	4	15	5	45	6	97	7	50	8	20	9	79	10	18	11	32	12	15	13	94	14	6	15	97	16	85	17	34	18	25	19	2	20	40	21	82	22	61	23	94	24	70	25	67	26	75	27	83	28	70	29	98	
	0	5	1	41	2	91	3	51	4	57	5	94	6	67	7	87	8	58	9	53	10	66	11	42	12	46	13	46	14	45	15	2	16	25	17	6	18	77	19	52	20	65	21	28	22	12	23	8	24	48	25	15	26	30	27	92	28	38	29	8	
	0	33	1	22	2	27	3	32	4	77	5	16	6	81	7	12	8	92	9	25	10	59	11	41	12	82	13	66	14	96	15	22	16	31	17	3	18	43	19	5	20	86	21	67	22	4	23	82	24	54	25	72	26	59	27	71	28	71	29	44	
	0	28	1	25	2	100	3	22	4	43	5	32	6	57	7	80	8	2	9	46	10	37	11	52	12	46	13	78	14	65	15	27	16	95	17	89	18	11	19	26	20	1	21	35	22	38	23	53	24	32	25	38	26	74	27	19	28	46	29	51	
	0	86	1	47	2	65	3	34	4	55	5	80	6	20	7	49	8	46	9	28	10	47	11	2	12	10	13	28	14	39	15	86	16	27	17	56	18	99	19	37	20	49	21	66	22	26	23	87	24	58	25	68	26	42	27	78	28	81	29	63	
	0	59	1	67	2	85	3	72	4	61	5	43	6	48	7	6	8	2	9	2	10	58	11	27	12	96	13	23	14	7	15	79	16	15	17	94	18	32	19	35	20	4	21	92	22	72	23	23	24	11	25	26	26	38	27	1	28	39	29	96	
	0	39	1	27	2	36	3	90	4	89	5	28	6	36	7	44	8	1	9	52	10	3	11	67	12	47	13	3	14	17	15	20	16	29	17	71	18	70	19	33	20	24	21	98	22	35	23	48	24	92	25	25	26	8	27	71	28	49	29	92	
	0	94	1	10	2	34	3	8	4	86	5	44	6	10	7	11	8	55	9	45	10	86	11	84	12	77	13	29	14	86	15	66	16	39	17	83	18	40	19	95	20	44	21	69	22	95	23	77	24	78	25	23	26	57	27	93	28	56	29	15	
	0	1	1	25	2	99	3	99	4	65	5	75	6	84	7	86	8	7	9	25	10	56	11	62	12	10	13	28	14	52	15	36	16	24	17	77	18	12	19	55	20	39	21	67	22	36	23	54	24	45	25	54	26	15	27	67	28	84	29	18	
	0	48	1	85	2	33	3	51	4	70	5	59	6	73	7	5	8	31	9	96	10	14	11	77	12	33	13	55	14	85	15	7	16	94	17	59	18	67	19	36	20	82	21	59	22	62	23	47	24	79	25	41	26	18	27	23	28	17	29	2	
	0	57	1	24	2	72	3	90	4	20	5	31	6	87	7	85	8	48	9	62	10	31	11	53	12	30	13	21	14	81	15	12	16	95	17	2	18	65	19	55	20	8	21	78	22	80	23	5	24	54	25	72	26	5	27	9	28	45	29	42	
	0	20	1	55	2	75	3	28	4	23	5	29	6	60	7	65	8	95	9	15	10	85	11	60	12	67	13	30	14	22	15	63	16	68	17	54	18	94	19	11	20	21	21	51	22	79	23	97	24	66	25	20	26	10	27	57	28	9	29	91	
	0	60	1	29	2	4	3	73	4	10	5	57	6	70	7	67	8	3	9	21	10	84	11	4	12	13	13	41	14	56	15	6	16	68	17	16	18	50	19	11	20	59	21	32	22	24	23	44	24	27	25	95	26	24	27	72	28	94	29	59	
	0	72	1	79	2	57	3	56	4	29	5	46	6	7	7	51	8	33	9	24	10	38	11	75	12	84	13	4	14	15	15	52	16	46	17	22	18	38	19	27	20	44	21	36	22	76	23	36	24	60	25	5	26	46	27	49	28	86	29	73	
	0	31	1	1	2	77	3	20	4	98	5	81	6	64	7	37	8	9	9	66	10	43	11	91	12	66	13	94	14	34	15	83	16	32	17	17	18	92	19	77	20	10	21	86	22	88	23	85	24	68	25	20	26	45	27	51	28	19	29	83	
	0	41	1	62	2	60	3	86	4	25	5	42	6	85	7	78	8	95	9	94	10	56	11	79	12	93	13	4	14	17	15	67	16	70	17	100	18	59	19	73	20	87	21	88	22	94	23	11	24	36	25	27	26	68	27	55	28	28	29	41	
	0	97	1	56	2	19	3	21	4	86	5	93	6	44	7	86	8	7	9	56	10	84	11	48	12	73	13	37	14	62	15	93	16	64	17	94	18	96	19	61	20	56	21	15	22	3	23	86	24	7	25	31	26	59	27	40	28	35	29	53	
	0	77	1	60	2	22	3	13	4	78	5	89	6	72	7	59	8	61	9	88	10	80	11	83	12	58	13	17	14	32	15	96	16	68	17	91	18	82	19	15	20	52	21	81	22	28	23	71	24	47	25	12	26	45	27	85	28	1	29	61	
	0	45	1	30	2	84	3	83	4	12	5	46	6	53	7	78	8	30	9	82	10	18	11	31	12	16	13	87	14	97	15	20	16	31	17	76	18	57	19	12	20	57	21	97	22	35	23	36	24	98	25	1	26	80	27	73	28	100	29	55	
	0	38	1	99	2	11	3	3	4	16	5	19	6	8	7	19	8	4	9	12	10	77	11	69	12	72	13	68	14	59	15	19	16	53	17	65	18	88	19	38	20	73	21	12	22	24	23	25	24	4	25	70	26	63	27	50	28	41	29	82	
	0	3	1	39	2	34	3	28	4	49	5	15	6	74	7	28	8	15	9	60	10	91	11	3	12	1	13	68	14	30	15	82	16	60	17	44	18	71	19	96	20	15	21	25	22	5	23	82	24	15	25	75	26	46	27	79	28	86	29	85	
	0	96	1	55	2	84	3	94	4	54	5	53	6	13	7	2	8	74	9	20	10	59	11	4	12	87	13	11	14	72	15	64	16	90	17	82	18	53	19	38	20	33	21	97	22	11	23	50	24	5	25	99	26	1	27	7	28	87	29	60	
	0	23	1	6	2	83	3	3	4	58	5	20	6	80	7	71	8	74	9	84	10	39	11	2	12	53	13	16	14	62	15	88	16	8	17	76	18	17	19	91	20	5	21	77	22	13	23	32	24	12	25	71	26	69	27	66	28	63	29	57	
	0	74	1	95	2	83	3	2	4	78	5	74	6	48	7	17	8	78	9	20	10	25	11	10	12	26	13	64	14	16	15	64	16	78	17	47	18	77	19	36	20	94	21	58	22	59	23	4	24	58	25	69	26	35	27	78	28	56	29	36	
	0	86	1	100	2	96	3	33	4	29	5	52	6	78	7	97	8	28	9	32	10	15	11	58	12	84	13	63	14	38	15	47	16	2	17	100	18	38	19	74	20	58	21	81	22	98	23	78	24	25	25	21	26	52	27	96	28	39	29	6	
	0	19	1	32	2	56	3	17	4	11	5	18	6	10	7	48	8	31	9	76	10	28	11	82	12	87	13	16	14	46	15	68	16	4	17	94	18	30	19	24	20	86	21	66	22	83	23	6	24	89	25	12	26	97	27	94	28	47	29	81	
	0	17	1	16	2	5	3	71	4	54	5	4	6	97	7	10	8	25	9	6	10	93	11	58	12	49	13	55	14	87	15	13	16	64	17	75	18	72	19	65	20	31	21	91	22	82	23	11	24	13	25	27	26	38	27	39	28	60	29	20	
	0	4	1	16	2	24	3	10	4	43	5	61	6	96	7	25	8	33	9	5	10	34	11	87	12	87	13	48	14	63	15	55	16	85	17	39	18	85	19	86	20	22	21	54	22	95	23	90	24	23	25	82	26	7	27	80	28	78	29	52	
	0	46	1	82	2	41	3	53	4	32	5	99	6	89	7	1	8	54	9	87	10	35	11	52	12	42	13	66	14	26	15	17	16	27	17	18	18	63	19	56	20	10	21	4	22	41	23	66	24	76	25	29	26	83	27	45	28	94	29	18	
	0	13	1	19	2	67	3	2	4	72	5	17	6	2	7	20	8	95	9	31	10	40	11	87	12	35	13	97	14	24	15	63	16	53	17	10	18	30	19	55	20	39	21	30	22	70	23	26	24	34	25	95	26	60	27	99	28	100	29	57	
	0	1	1	75	2	22	3	11	4	39	5	26	6	24	7	38	8	57	9	86	10	52	11	56	12	22	13	45	14	57	15	65	16	89	17	19	18	41	19	62	20	23	21	95	22	7	23	56	24	13	25	66	26	36	27	49	28	81	29	78	
	0	80	1	6	2	64	3	6	4	26	5	84	6	46	7	23	8	9	9	33	10	13	11	10	12	81	13	76	14	43	15	37	16	37	17	85	18	68	19	77	20	94	21	86	22	17	23	86	24	74	25	22	26	20	27	66	28	92	29	99	
	0	100	1	60	2	9	3	61	4	96	5	36	6	85	7	79	8	100	9	57	10	67	11	70	12	59	13	87	14	81	15	54	16	73	17	87	18	44	19	47	20	98	21	25	22	76	23	49	24	96	25	52	26	96	27	99	28	18	29	42	
	0	74	1	18	2	97	3	2	4	27	5	24	6	52	7	71	8	10	9	76	10	72	11	75	12	26	13	22	14	87	15	70	16	29	17	30	18	79	19	50	20	92	21	45	22	37	23	27	24	46	25	60	26	87	27	8	28	82	29	13	
	0	32	1	52	2	85	3	22	4	48	5	20	6	40	7	69	8	89	9	86	10	66	11	14	12	76	13	59	14	22	15	63	16	92	17	2	18	49	19	65	20	48	21	7	22	7	23	61	24	24	25	20	26	97	27	34	28	16	29	71	
	0	22	1	75	2	85	3	74	4	18	5	82	6	97	7	9	8	81	9	86	10	21	11	69	12	77	13	66	14	90	15	55	16	36	17	58	18	10	19	67	20	8	21	3	22	17	23	98	24	72	25	45	26	96	27	59	28	72	29	28	
	0	81	1	49	2	98	3	13	4	25	5	43	6	1	7	30	8	40	9	23	10	83	11	1	12	91	13	37	14	30	15	91	16	8	17	72	18	43	19	76	20	14	21	33	22	15	23	39	24	74	25	59	26	95	27	99	28	79	29	16	
	0	24	1	58	2	64	3	66	4	33	5	59	6	69	7	84	8	29	9	15	10	56	11	60	12	5	13	28	14	5	15	53	16	30	17	69	18	32	19	41	20	83	21	63	22	27	23	44	24	62	25	18	26	24	27	58	28	45	29	45	
	0	85	1	31	2	9	3	83	4	99	5	50	6	83	7	29	8	56	9	83	10	11	11	28	12	19	13	73	14	23	15	5	16	7	17	41	18	48	19	38	20	15	21	100	22	44	23	85	24	61	25	5	26	44	27	43	28	37	29	42	
	0	12	1	45	2	57	3	25	4	18	5	11	6	39	7	32	8	8	9	71	10	71	11	86	12	27	13	66	14	83	15	77	16	73	17	18	18	61	19	29	20	38	21	39	22	25	23	43	24	10	25	32	26	45	27	63	28	58	29	3	
	0	53	1	72	2	38	3	17	4	47	5	97	6	44	7	83	8	80	9	49	10	68	11	89	12	37	13	81	14	57	15	69	16	14	17	46	18	67	19	1	20	61	21	38	22	17	23	27	24	10	25	47	26	13	27	82	28	30	29	43	
	0	36	1	69	2	18	3	56	4	62	5	100	6	32	7	44	8	87	9	87	10	26	11	97	12	88	13	47	14	74	15	74	16	44	17	92	18	30	19	30	20	97	21	25	22	24	23	11	24	88	25	48	26	94	27	4	28	74	29	85	
	0	61	1	76	2	53	3	54	4	75	5	41	6	48	7	41	8	3	9	80	10	91	11	22	12	13	13	100	14	18	15	53	16	71	17	91	18	44	19	52	20	12	21	34	22	16	23	5	24	36	25	88	26	73	27	10	28	61	29	33	
	0	40	1	63	2	45	3	70	4	66	5	45	6	96	7	13	8	24	9	74	10	13	11	47	12	35	13	20	14	28	15	81	16	4	17	59	18	76	19	71	20	27	21	56	22	100	23	22	24	14	25	23	26	40	27	10	28	77	29	50	
	0	38	1	16	2	30	3	18	4	82	5	37	6	3	7	99	8	52	9	66	10	10	11	90	12	37	13	96	14	83	15	63	16	37	17	90	18	1	19	57	20	51	21	31	22	63	23	60	24	62	25	98	26	69	27	90	28	33	29	28	
	0	76	1	3	2	7	3	75	4	34	5	56	6	97	7	9	8	91	9	12	10	97	11	61	12	82	13	96	14	23	15	100	16	49	17	80	18	55	19	33	20	45	21	71	22	6	23	37	24	16	25	70	26	74	27	1	28	84	29	86	
	0	94	1	94	2	77	3	54	4	6	5	55	6	72	7	80	8	25	9	7	10	15	11	91	12	25	13	2	14	53	15	94	16	100	17	50	18	79	19	86	20	73	21	22	22	24	23	61	24	73	25	35	26	11	27	39	28	32	29	64	
	0	59	1	87	2	35	3	40	4	9	5	91	6	21	7	8	8	14	9	37	10	95	11	6	12	63	13	16	14	33	15	32	16	82	17	71	18	27	19	22	20	29	21	14	22	84	23	63	24	11	25	80	26	75	27	92	28	64	29	82	
	0	4	1	71	2	99	3	24	4	17	5	15	6	71	7	57	8	62	9	29	10	37	11	49	12	26	13	39	14	34	15	96	16	77	17	29	18	41	19	15	20	28	21	72	22	33	23	3	24	61	25	14	26	32	27	10	28	96	29	93	
	0	87	1	48	2	17	3	6	4	94	5	27	6	47	7	86	8	32	9	32	10	38	11	3	12	22	13	27	14	31	15	12	16	57	17	59	18	74	19	31	20	18	21	58	22	24	23	73	24	41	25	74	26	30	27	49	28	1	29	88	
	0	21	1	53	2	99	3	88	4	61	5	24	6	6	7	43	8	42	9	53	10	84	11	73	12	66	13	74	14	84	15	83	16	57	17	55	18	4	19	52	20	93	21	91	22	81	23	76	24	71	25	55	26	21	27	70	28	8	29	62	
	0	61	1	99	2	45	3	36	4	81	5	72	6	90	7	30	8	62	9	4	10	25	11	40	12	67	13	52	14	96	15	70	16	95	17	84	18	48	19	75	20	70	21	63	22	53	23	8	24	26	25	69	26	67	27	5	28	74	29	37	
	0	23	1	53	2	52	3	37	4	88	5	26	6	9	7	84	8	50	9	80	10	50	11	10	12	29	13	96	14	40	15	64	16	25	17	75	18	11	19	28	20	5	21	5	22	48	23	50	24	97	25	80	26	22	27	61	28	71	29	60	
	0	44	1	39	2	51	3	100	4	18	5	71	6	95	7	84	8	50	9	49	10	87	11	74	12	46	13	5	14	40	15	56	16	59	17	54	18	40	19	80	20	12	21	30	22	43	23	100	24	69	25	2	26	29	27	29	28	51	29	12	
	0	72	1	62	2	23	3	5	4	48	5	97	6	35	7	98	8	37	9	73	10	85	11	74	12	86	13	92	14	66	15	37	16	53	17	25	18	78	19	37	20	51	21	51	22	11	23	82	24	70	25	76	26	43	27	5	28	84	29	56	
	0	15	1	22	2	76	3	18	4	22	5	86	6	81	7	45	8	64	9	60	10	87	11	29	12	37	13	96	14	59	15	13	16	62	17	42	18	97	19	25	20	91	21	2	22	29	23	9	24	30	25	64	26	47	27	9	28	8	29	87	
	0	52	1	25	2	5	3	67	4	59	5	4	6	62	7	3	8	64	9	52	10	84	11	19	12	4	13	24	14	32	15	83	16	34	17	19	18	43	19	24	20	51	21	62	22	79	23	44	24	89	25	45	26	27	27	84	28	25	29	64	
	0	28	1	64	2	83	3	7	4	41	5	7	6	3	7	77	8	15	9	40	10	35	11	38	12	54	13	5	14	97	15	95	16	59	17	30	18	7	19	87	20	92	21	56	22	8	23	8	24	89	25	4	26	81	27	86	28	65	29	14	
	0	13	1	36	2	60	3	18	4	7	5	24	6	8	7	6	8	91	9	91	10	12	11	48	12	56	13	94	14	8	15	52	16	93	17	25	18	81	19	85	20	6	21	40	22	96	23	16	24	86	25	81	26	98	27	65	28	87	29	87	
	0	64	1	58	2	78	3	73	4	8	5	96	6	74	7	86	8	12	9	36	10	8	11	25	12	62	13	40	14	89	15	5	16	57	17	62	18	76	19	43	20	16	21	50	22	50	23	37	24	41	25	73	26	92	27	31	28	86	29	64	
	0	92	1	49	2	48	3	76	4	65	5	63	6	56	7	56	8	9	9	38	10	79	11	38	12	44	13	32	14	36	15	79	16	31	17	67	18	50	19	81	20	47	21	23	22	85	23	54	24	81	25	13	26	55	27	23	28	23	29	93	
	0	36	1	68	2	9	3	96	4	77	5	72	6	9	7	55	8	79	9	90	10	56	11	51	12	96	13	54	14	83	15	94	16	12	17	29	18	71	19	28	20	73	21	11	22	93	23	63	24	91	25	39	26	33	27	97	28	12	29	90	
	0	78	1	91	2	65	3	98	4	64	5	28	6	80	7	91	8	10	9	28	10	90	11	35	12	63	13	15	14	98	15	5	16	16	17	82	18	23	19	44	20	55	21	64	22	24	23	54	24	27	25	86	26	96	27	17	28	32	29	69	
	0	57	1	95	2	58	3	54	4	29	5	34	6	26	7	32	8	63	9	51	10	61	11	22	12	64	13	14	14	10	15	32	16	64	17	92	18	55	19	88	20	88	21	53	22	96	23	30	24	14	25	81	26	44	27	49	28	89	29	79	
	0	28	1	13	2	23	3	4	4	70	5	73	6	99	7	7	8	43	9	77	10	16	11	61	12	69	13	94	14	38	15	76	16	89	17	7	18	31	19	13	20	17	21	73	22	25	23	7	24	53	25	59	26	90	27	8	28	48	29	66	
	0	41	1	66	2	6	3	84	4	69	5	22	6	22	7	52	8	52	9	29	10	59	11	71	12	66	13	21	14	51	15	35	16	8	17	29	18	79	19	44	20	88	21	25	22	53	23	43	24	55	25	63	26	36	27	19	28	6	29	30	
	0	32	1	75	2	18	3	73	4	46	5	55	6	15	7	14	8	79	9	19	10	12	11	9	12	73	13	78	14	97	15	39	16	10	17	33	18	33	19	16	20	6	21	87	22	96	23	93	24	11	25	48	26	49	27	68	28	40	29	22	
	0	34	1	61	2	39	3	92	4	73	5	45	6	84	7	50	8	1	9	46	10	96	11	35	12	86	13	7	14	43	15	22	16	98	17	48	18	34	19	76	20	42	21	33	22	4	23	67	24	5	25	79	26	32	27	76	28	96	29	96	
	0	41	1	99	2	100	3	56	4	42	5	35	6	93	7	29	8	40	9	17	10	91	11	36	12	70	13	91	14	51	15	58	16	63	17	46	18	3	19	42	20	48	21	65	22	7	23	34	24	31	25	93	26	25	27	1	28	31	29	49	
	0	28	1	31	2	42	3	23	4	2	5	63	6	12	7	58	8	71	9	90	10	94	11	84	12	46	13	10	14	28	15	59	16	91	17	15	18	91	19	43	20	70	21	42	22	95	23	7	24	56	25	92	26	49	27	1	28	95	29	9	
	0	17	1	33	2	9	3	54	4	28	5	94	6	90	7	42	8	45	9	44	10	47	11	16	12	30	13	54	14	44	15	70	16	62	17	12	18	73	19	37	20	65	21	61	22	62	23	1	24	64	25	70	26	4	27	29	28	91	29	35	
	0	71	1	73	2	41	3	32	4	90	5	60	6	48	7	20	8	54	9	77	10	74	11	98	12	20	13	38	14	32	15	56	16	79	17	62	18	73	19	5	20	50	21	9	22	90	23	68	24	38	25	89	26	78	27	31	28	79	29	21	
	0	85	1	10	2	66	3	15	4	48	5	8	6	12	7	6	8	28	9	73	10	1	11	47	12	10	13	14	14	63	15	64	16	75	17	98	18	86	19	4	20	48	21	34	22	81	23	98	24	7	25	99	26	28	27	44	28	25	29	61	
	0	27	1	7	2	95	3	44	4	18	5	33	6	28	7	83	8	94	9	72	10	57	11	36	12	39	13	38	14	42	15	90	16	80	17	91	18	5	19	88	20	65	21	82	22	96	23	95	24	20	25	93	26	82	27	7	28	4	29	24	
	0	6	1	20	2	34	3	80	4	1	5	7	6	17	7	65	8	100	9	64	10	61	11	49	12	55	13	10	14	29	15	73	16	69	17	18	18	6	19	3	20	32	21	25	22	32	23	94	24	24	25	25	26	45	27	41	28	60	29	40	
	0	72	1	87	2	76	3	96	4	92	5	35	6	71	7	11	8	22	9	25	10	89	11	3	12	89	13	57	14	54	15	27	16	61	17	68	18	27	19	56	20	98	21	47	22	81	23	50	24	44	25	51	26	72	27	87	28	48	29	55	
	0	89	1	94	2	38	3	27	4	96	5	94	6	95	7	33	8	77	9	22	10	85	11	84	12	66	13	77	14	77	15	25	16	18	17	79	18	13	19	32	20	57	21	42	22	24	23	87	24	49	25	99	26	19	27	40	28	33	29	5	
	0	62	1	22	2	88	3	73	4	24	5	30	6	85	7	53	8	1	9	50	10	63	11	26	12	6	13	57	14	52	15	57	16	10	17	57	18	87	19	37	20	31	21	11	22	62	23	95	24	91	25	45	26	10	27	32	28	47	29	55	
	0	74	1	20	2	95	3	31	4	15	5	16	6	64	7	86	8	36	9	37	10	54	11	17	12	100	13	57	14	41	15	86	16	33	17	39	18	48	19	12	20	32	21	38	22	45	23	90	24	59	25	88	26	68	27	6	28	1	29	17	
	0	11	1	11	2	68	3	7	4	3	5	61	6	45	7	68	8	97	9	77	10	63	11	7	12	4	13	98	14	42	15	69	16	66	17	50	18	32	19	28	20	66	21	11	22	63	23	78	24	58	25	61	26	75	27	11	28	47	29	72	
	0	85	1	77	2	15	3	36	4	2	5	70	6	85	7	73	8	13	9	81	10	95	11	66	12	89	13	94	14	25	15	78	16	15	17	90	18	66	19	49	20	42	21	18	22	73	23	17	24	34	25	5	26	63	27	8	28	71	29	30	
	0	59	1	31	2	4	3	9	4	83	5	22	6	48	7	37	8	98	9	75	10	41	11	75	12	47	13	61	14	39	15	66	16	61	17	64	18	76	19	78	20	92	21	55	22	74	23	87	24	73	25	47	26	3	27	23	28	30	29	83	
	0	81	1	16	2	21	3	22	4	49	5	5	6	47	7	16	8	31	9	37	10	45	11	30	12	91	13	74	14	99	15	37	16	43	17	3	18	14	19	18	20	29	21	47	22	52	23	79	24	57	25	87	26	97	27	40	28	32	29	7	
	0	41	1	7	2	68	3	58	4	37	5	58	6	84	7	85	8	68	9	92	10	86	11	65	12	47	13	2	14	68	15	9	16	77	17	76	18	41	19	2	20	30	21	29	22	74	23	82	24	2	25	27	26	2	27	32	28	50	29	17	
	0	58	1	6	2	78	3	30	4	89	5	79	6	22	7	95	8	80	9	48	10	32	11	65	12	26	13	13	14	32	15	88	16	56	17	1	18	60	19	73	20	32	21	42	22	57	23	47	24	75	25	27	26	30	27	98	28	29	29	64	
	0	20	1	97	2	45	3	36	4	7	5	93	6	43	7	59	8	1	9	75	10	55	11	44	12	1	13	63	14	42	15	6	16	48	17	72	18	99	19	30	20	28	21	92	22	100	23	39	24	48	25	84	26	32	27	34	28	40	29	28	
	0	63	1	30	2	86	3	9	4	97	5	89	6	79	7	5	8	15	9	66	10	74	11	61	12	67	13	83	14	26	15	70	16	67	17	3	18	50	19	89	20	61	21	67	22	13	23	61	24	18	25	9	26	23	27	67	28	45	29	10	
	0	81	1	37	2	55	3	63	4	57	5	1	6	74	7	29	8	58	9	88	10	55	11	17	12	84	13	27	14	21	15	89	16	55	17	58	18	23	19	32	20	70	21	4	22	30	23	94	24	39	25	55	26	73	27	61	28	42	29	1	
	0	34	1	61	2	75	3	13	4	14	5	22	6	9	7	48	8	96	9	35	10	97	11	19	12	10	13	55	14	28	15	49	16	81	17	40	18	64	19	55	20	29	21	65	22	2	23	40	24	10	25	5	26	38	27	20	28	85	29	54	
	0	64	1	41	2	78	3	49	4	84	5	48	6	59	7	63	8	89	9	10	10	18	11	44	12	98	13	31	14	37	15	40	16	17	17	20	18	31	19	34	20	46	21	85	22	50	23	87	24	12	25	38	26	4	27	65	28	31	29	27	
	0	51	1	37	2	42	3	88	4	87	5	78	6	83	7	58	8	98	9	98	10	30	11	44	12	38	13	56	14	59	15	46	16	59	17	100	18	12	19	92	20	11	21	21	22	3	23	44	24	89	25	49	26	29	27	49	28	82	29	14	
	0	21	1	84	2	51	3	96	4	47	5	49	6	19	7	2	8	16	9	76	10	20	11	23	12	79	13	46	14	71	15	55	16	35	17	90	18	69	19	32	20	77	21	48	22	45	23	27	24	97	25	73	26	43	27	71	28	52	29	70	
	0	30	1	47	2	43	3	15	4	11	5	45	6	13	7	25	8	52	9	19	10	72	11	40	12	88	13	83	14	86	15	67	16	48	17	12	18	30	19	81	20	22	21	27	22	52	23	60	24	77	25	72	26	15	27	46	28	34	29	77	
	0	38	1	16	2	14	3	17	4	60	5	96	6	74	7	11	8	81	9	95	10	84	11	14	12	69	13	91	14	99	15	41	16	4	17	55	18	10	19	72	20	36	21	37	22	62	23	86	24	84	25	73	26	75	27	78	28	85	29	48	
	0	61	1	28	2	19	3	12	4	40	5	53	6	25	7	75	8	61	9	23	10	98	11	92	12	92	13	19	14	81	15	61	16	100	17	74	18	56	19	15	20	58	21	27	22	5	23	77	24	58	25	71	26	50	27	15	28	78	29	39	
	0	11	1	91	2	33	3	91	4	18	5	97	6	1	7	40	8	59	9	21	10	50	11	36	12	78	13	75	14	84	15	54	16	71	17	42	18	71	19	88	20	52	21	3	22	74	23	53	24	57	25	28	26	9	27	84	28	13	29	89	
	0	20	1	20	2	53	3	99	4	9	5	2	6	32	7	92	8	17	9	81	10	55	11	80	12	53	13	18	14	14	15	37	16	84	17	22	18	90	19	23	20	13	21	9	22	81	23	18	24	55	25	9	26	57	27	32	28	7	29	92	
	0	38	1	4	2	83	3	5	4	88	5	1	6	78	7	18	8	93	9	21	10	52	11	23	12	71	13	5	14	96	15	73	16	93	17	62	18	28	19	25	20	25	21	6	22	37	23	77	24	67	25	13	26	21	27	37	28	24	29	7	
	0	89	1	20	2	77	3	67	4	85	5	62	6	51	7	71	8	51	9	58	10	44	11	95	12	38	13	49	14	69	15	40	16	61	17	61	18	28	19	69	20	92	21	41	22	33	23	28	24	96	25	26	26	9	27	27	28	44	29	59	
	0	62	1	99	2	75	3	46	4	78	5	31	6	8	7	18	8	53	9	86	10	80	11	90	12	58	13	66	14	11	15	84	16	96	17	73	18	16	19	75	20	27	21	54	22	23	23	43	24	71	25	18	26	81	27	46	28	27	29	37	
	0	23	1	100	2	27	3	63	4	100	5	68	6	56	7	43	8	89	9	10	10	64	11	55	12	46	13	7	14	3	15	83	16	75	17	39	18	92	19	49	20	68	21	2	22	34	23	14	24	3	25	82	26	40	27	10	28	17	29	60	
	0	83	1	94	2	8	3	51	4	15	5	3	6	88	7	18	8	84	9	44	10	24	11	70	12	36	13	60	14	80	15	87	16	14	17	62	18	98	19	56	20	57	21	10	22	57	23	35	24	72	25	29	26	82	27	4	28	42	29	50	
	0	98	1	45	2	79	3	71	4	26	5	2	6	34	7	11	8	75	9	38	10	5	11	41	12	61	13	10	14	87	15	15	16	39	17	4	18	64	19	66	20	63	21	73	22	40	23	81	24	64	25	93	26	38	27	22	28	74	29	87	
	0	75	1	84	2	39	3	23	4	16	5	43	6	48	7	15	8	89	9	62	10	62	11	74	12	52	13	15	14	24	15	34	16	22	17	38	18	26	19	26	20	25	21	96	22	44	23	72	24	31	25	83	26	8	27	24	28	3	29	22	
	0	73	1	96	2	38	3	13	4	37	5	32	6	17	7	91	8	88	9	71	10	62	11	14	12	57	13	65	14	61	15	90	16	72	17	89	18	70	19	55	20	65	21	47	22	36	23	47	24	75	25	74	26	84	27	6	28	66	29	56	
	0	72	1	4	2	44	3	30	4	51	5	34	6	47	7	75	8	3	9	67	10	12	11	6	12	15	13	42	14	31	15	12	16	11	17	9	18	91	19	68	20	18	21	40	22	9	23	29	24	26	25	24	26	61	27	34	28	90	29	47	
	0	81	1	9	2	97	3	100	4	87	5	39	6	23	7	66	8	54	9	97	10	98	11	2	12	29	13	75	14	11	15	98	16	32	17	33	18	79	19	16	20	56	21	23	22	18	23	3	24	17	25	3	26	19	27	10	28	66	29	63	
	0	25	1	15	2	34	3	92	4	1	5	16	6	58	7	93	8	48	9	92	10	28	11	41	12	70	13	24	14	67	15	48	16	70	17	2	18	33	19	94	20	73	21	40	22	42	23	94	24	42	25	74	26	58	27	98	28	58	29	14	
	0	58	1	64	2	61	3	88	4	19	5	40	6	93	7	17	8	17	9	69	10	72	11	30	12	20	13	31	14	62	15	50	16	6	17	31	18	9	19	50	20	69	21	51	22	64	23	33	24	62	25	100	26	14	27	19	28	31	29	28	
	0	16	1	55	2	21	3	50	4	35	5	60	6	19	7	74	8	61	9	6	10	100	11	75	12	90	13	58	14	75	15	39	16	10	17	12	18	10	19	81	20	42	21	66	22	20	23	78	24	57	25	14	26	29	27	54	28	66	29	93	
	0	8	1	47	2	8	3	34	4	27	5	5	6	41	7	17	8	27	9	73	10	96	11	21	12	55	13	67	14	38	15	82	16	56	17	70	18	52	19	41	20	63	21	98	22	27	23	2	24	43	25	93	26	68	27	19	28	9	29	16	
	0	95	1	55	2	18	3	19	4	55	5	46	6	76	7	52	8	45	9	9	10	53	11	81	12	47	13	46	14	93	15	92	16	48	17	97	18	32	19	87	20	10	21	94	22	1	23	37	24	27	25	50	26	25	27	59	28	20	29	9	
	0	3	1	30	2	87	3	11	4	20	5	2	6	5	7	64	8	92	9	45	10	34	11	71	12	41	13	26	14	2	15	66	16	80	17	47	18	28	19	99	20	18	21	98	22	20	23	78	24	95	25	15	26	98	27	54	28	99	29	61	
	0	62	1	72	2	63	3	16	4	48	5	28	6	83	7	10	8	26	9	27	10	42	11	70	12	24	13	54	14	26	15	60	16	12	17	92	18	62	19	24	20	50	21	35	22	30	23	95	24	8	25	85	26	99	27	4	28	24	29	11	
	0	84	1	37	2	54	3	91	4	37	5	25	6	37	7	42	8	66	9	66	10	89	11	56	12	12	13	36	14	39	15	40	16	76	17	40	18	82	19	57	20	5	21	23	22	87	23	63	24	1	25	3	26	76	27	9	28	75	29	80	
	0	49	1	87	2	40	3	81	4	59	5	63	6	53	7	6	8	62	9	4	10	81	11	51	12	63	13	51	14	48	15	14	16	95	17	44	18	48	19	45	20	44	21	33	22	55	23	36	24	42	25	34	26	58	27	57	28	48	29	19	
	0	85	1	31	2	13	3	87	4	84	5	84	6	34	7	75	8	70	9	91	10	88	11	40	12	81	13	39	14	39	15	79	16	60	17	54	18	61	19	53	20	37	21	12	22	29	23	43	24	21	25	70	26	63	27	92	28	53	29	17	
	0	54	1	86	2	35	3	84	4	1	5	11	6	72	7	55	8	99	9	76	10	90	11	32	12	49	13	61	14	9	15	76	16	74	17	60	18	90	19	70	20	72	21	17	22	43	23	87	24	38	25	35	26	27	27	38	28	78	29	9	
	0	15	1	12	2	72	3	52	4	10	5	68	6	24	7	32	8	10	9	85	10	5	11	61	12	60	13	8	14	75	15	99	16	78	17	53	18	16	19	55	20	47	21	43	22	75	23	11	24	83	25	20	26	74	27	70	28	73	29	68	
	0	55	1	65	2	52	3	45	4	46	5	41	6	74	7	91	8	29	9	100	10	20	11	86	12	5	13	23	14	51	15	5	16	65	17	86	18	83	19	55	20	97	21	40	22	3	23	97	24	16	25	7	26	52	27	50	28	35	29	72	
	0	91	1	96	2	66	3	28	4	19	5	4	6	22	7	94	8	95	9	37	10	34	11	84	12	22	13	78	14	98	15	26	16	84	17	25	18	34	19	38	20	65	21	25	22	56	23	66	24	38	25	36	26	66	27	9	28	11	29	90	
	0	3	1	12	2	85	3	33	4	100	5	74	6	96	7	22	8	54	9	66	10	13	11	46	12	39	13	21	14	39	15	38	16	42	17	65	18	68	19	5	20	65	21	11	22	10	23	95	24	86	25	42	26	32	27	11	28	42	29	57	
	0	95	1	67	2	38	3	87	4	79	5	60	6	19	7	59	8	23	9	89	10	30	11	6	12	12	13	13	14	66	15	61	16	67	17	65	18	83	19	20	20	85	21	8	22	7	23	9	24	81	25	69	26	46	27	27	28	84	29	39	
	0	62	1	95	2	5	3	41	4	41	5	44	6	48	7	85	8	13	9	31	10	5	11	75	12	71	13	66	14	80	15	55	16	36	17	30	18	15	19	99	20	97	21	60	22	96	23	48	24	97	25	96	26	95	27	4	28	65	29	42	
	0	76	1	68	2	96	3	46	4	40	5	52	6	64	7	88	8	10	9	96	10	89	11	90	12	58	13	100	14	1	15	53	16	44	17	8	18	54	19	14	20	90	21	92	22	21	23	100	24	93	25	19	26	40	27	16	28	55	29	15	
	0	47	1	18	2	71	3	22	4	50	5	60	6	84	7	25	8	63	9	94	10	87	11	17	12	31	13	44	14	89	15	54	16	28	17	11	18	82	19	99	20	91	21	38	22	92	23	61	24	19	25	89	26	72	27	94	28	31	29	29	
	0	26	1	30	2	79	3	92	4	96	5	13	6	98	7	25	8	50	9	51	10	33	11	51	12	89	13	55	14	84	15	57	16	66	17	83	18	51	19	13	20	4	21	26	22	79	23	99	24	22	25	73	26	47	27	3	28	88	29	32	
	0	65	1	52	2	58	3	46	4	30	5	27	6	33	7	24	8	43	9	83	10	77	11	54	12	83	13	54	14	18	15	67	16	38	17	97	18	65	19	14	20	55	21	23	22	68	23	79	24	90	25	92	26	60	27	65	28	12	29	97	
	0	55	1	99	2	24	3	43	4	14	5	49	6	16	7	20	8	68	9	96	10	81	11	23	12	29	13	62	14	8	15	88	16	87	17	57	18	75	19	81	20	67	21	96	22	88	23	60	24	16	25	31	26	48	27	52	28	57	29	47	
	0	79	1	80	2	60	3	41	4	92	5	23	6	31	7	53	8	88	9	55	10	10	11	21	12	53	13	81	14	3	15	60	16	45	17	49	18	24	19	33	20	82	21	51	22	64	23	27	24	85	25	97	26	85	27	86	28	6	29	41	
	0	93	1	45	2	55	3	95	4	70	5	47	6	27	7	80	8	100	9	66	10	95	11	34	12	23	13	46	14	17	15	57	16	87	17	11	18	98	19	16	20	69	21	54	22	98	23	20	24	83	25	61	26	71	27	13	28	7	29	71	
	0	58	1	81	2	68	3	78	4	85	5	67	6	31	7	45	8	90	9	91	10	22	11	42	12	89	13	92	14	59	15	61	16	47	17	91	18	20	19	51	20	3	21	61	22	62	23	5	24	18	25	44	26	16	27	89	28	1	29	4	
	0	10	1	48	2	86	3	50	4	71	5	7	6	77	7	7	8	65	9	27	10	78	11	94	12	76	13	39	14	13	15	7	16	78	17	52	18	82	19	63	20	14	21	9	22	23	23	53	24	51	25	82	26	79	27	96	28	12	29	92	
	0	48	1	28	2	70	3	19	4	61	5	23	6	66	7	38	8	79	9	96	10	1	11	32	12	18	13	46	14	30	15	4	16	16	17	43	18	64	19	56	20	46	21	46	22	73	23	40	24	15	25	95	26	3	27	61	28	10	29	30	
	0	22	1	97	2	12	3	6	4	75	5	61	6	99	7	12	8	91	9	94	10	46	11	61	12	31	13	42	14	30	15	40	16	57	17	58	18	46	19	65	20	1	21	69	22	95	23	30	24	70	25	92	26	94	27	73	28	4	29	94	
	0	12	1	60	2	74	3	72	4	73	5	21	6	20	7	29	8	80	9	12	10	85	11	32	12	94	13	23	14	47	15	95	16	34	17	82	18	76	19	60	20	50	21	73	22	32	23	34	24	49	25	16	26	73	27	81	28	5	29	72	
	0	8	1	76	2	99	3	48	4	33	5	45	6	30	7	67	8	27	9	61	10	44	11	5	12	9	13	37	14	17	15	69	16	81	17	3	18	22	19	38	20	80	21	82	22	25	23	82	24	11	25	33	26	25	27	56	28	33	29	8	
	0	8	1	10	2	33	3	44	4	13	5	35	6	86	7	53	8	39	9	44	10	38	11	99	12	68	13	6	14	13	15	2	16	13	17	72	18	37	19	36	20	39	21	6	22	68	23	52	24	71	25	69	26	84	27	64	28	57	29	79	
	0	22	1	72	2	94	3	51	4	49	5	86	6	21	7	22	8	86	9	19	10	62	11	53	12	87	13	92	14	23	15	3	16	89	17	2	18	47	19	71	20	3	21	72	22	79	23	100	24	12	25	55	26	27	27	45	28	21	29	72	
	0	99	1	59	2	64	3	81	4	96	5	50	6	5	7	46	8	15	9	27	10	60	11	59	12	81	13	33	14	4	15	44	16	49	17	80	18	15	19	86	20	14	21	47	22	2	23	8	24	24	25	22	26	93	27	61	28	78	29	7	
	0	68	1	24	2	78	3	78	4	56	5	16	6	70	7	20	8	13	9	83	10	4	11	28	12	13	13	66	14	21	15	65	16	26	17	30	18	22	19	1	20	54	21	65	22	75	23	12	24	12	25	80	26	5	27	18	28	58	29	9	
	0	4	1	34	2	66	3	62	4	26	5	10	6	86	7	24	8	51	9	8	10	61	11	79	12	54	13	88	14	56	15	14	16	41	17	1	18	61	19	48	20	86	21	82	22	71	23	34	24	26	25	45	26	83	27	96	28	26	29	22	
	0	12	1	72	2	68	3	27	4	23	5	16	6	19	7	65	8	13	9	41	10	52	11	39	12	93	13	92	14	71	15	6	16	41	17	66	18	86	19	64	20	49	21	48	22	65	23	39	24	20	25	28	26	6	27	94	28	21	29	91	
	0	23	1	16	2	54	3	60	4	63	5	9	6	63	7	7	8	86	9	9	10	13	11	71	12	89	13	88	14	5	15	67	16	38	17	84	18	9	19	71	20	36	21	18	22	30	23	3	24	11	25	100	26	37	27	4	28	4	29	28	
	0	76	1	83	2	13	3	99	4	24	5	24	6	64	7	93	8	74	9	99	10	21	11	84	12	91	13	51	14	37	15	48	16	17	17	95	18	91	19	53	20	87	21	27	22	90	23	77	24	52	25	4	26	17	27	21	28	21	29	72	
	0	12	1	87	2	77	3	94	4	74	5	54	6	95	7	40	8	69	9	6	10	80	11	72	12	30	13	52	14	58	15	28	16	9	17	94	18	56	19	70	20	50	21	48	22	59	23	4	24	49	25	74	26	43	27	37	28	18	29	42	
	0	52	1	47	2	5	3	86	4	96	5	44	6	60	7	3	8	94	9	44	10	87	11	33	12	68	13	25	14	28	15	43	16	34	17	14	18	81	19	35	20	20	21	42	22	27	23	63	24	86	25	37	26	61	27	51	28	75	29	84	
	0	62	1	55	2	11	3	50	4	44	5	54	6	49	7	47	8	42	9	65	10	6	11	1	12	41	13	57	14	100	15	39	16	99	17	84	18	44	19	70	20	84	21	11	22	51	23	32	24	6	25	77	26	51	27	75	28	25	29	36	
	0	31	1	30	2	13	3	24	4	77	5	27	6	37	7	26	8	60	9	13	10	100	11	88	12	34	13	18	14	1	15	23	16	46	17	58	18	87	19	70	20	27	21	87	22	35	23	77	24	39	25	40	26	4	27	94	28	47	29	24	
	0	26	1	84	2	81	3	19	4	31	5	98	6	78	7	64	8	67	9	87	10	93	11	39	12	78	13	31	14	46	15	92	16	40	17	11	18	80	19	2	20	84	21	31	22	84	23	21	24	38	25	89	26	78	27	45	28	76	29	53	
	0	37	1	99	2	96	3	92	4	39	5	67	6	28	7	83	8	31	9	88	10	11	11	92	12	72	13	33	14	88	15	48	16	47	17	62	18	57	19	60	20	48	21	74	22	3	23	62	24	2	25	24	26	36	27	28	28	65	29	81	
	0	26	1	28	2	70	3	84	4	30	5	43	6	98	7	89	8	5	9	16	10	11	11	36	12	41	13	62	14	20	15	71	16	95	17	42	18	100	19	83	20	34	21	70	22	87	23	20	24	34	25	34	26	57	27	73	28	66	29	6	
	0	100	1	26	2	10	3	66	4	9	5	28	6	77	7	70	8	38	9	26	10	9	11	85	12	39	13	87	14	20	15	4	16	15	17	49	18	73	19	69	20	54	21	10	22	20	23	7	24	14	25	18	26	7	27	9	28	6	29	35	
	0	24	1	86	2	15	3	28	4	32	5	71	6	14	7	22	8	69	9	88	10	11	11	82	12	72	13	59	14	82	15	49	16	65	17	83	18	27	19	22	20	72	21	53	22	64	23	4	24	18	25	56	26	75	27	24	28	37	29	62	
	0	77	1	42	2	81	3	20	4	66	5	5	6	92	7	51	8	6	9	98	10	41	11	66	12	57	13	9	14	38	15	12	16	13	17	50	18	11	19	94	20	86	21	35	22	35	23	6	24	55	25	55	26	82	27	7	28	19	29	12	
	0	92	1	77	2	36	3	14	4	10	5	6	6	57	7	8	8	79	9	34	10	52	11	8	12	30	13	4	14	32	15	62	16	47	17	1	18	55	19	55	20	60	21	86	22	42	23	20	24	26	25	64	26	50	27	62	28	45	29	96	
	0	57	1	92	2	44	3	10	4	38	5	68	6	15	7	5	8	64	9	80	10	99	11	4	12	1	13	85	14	80	15	93	16	32	17	55	18	11	19	3	20	16	21	71	22	37	23	63	24	100	25	64	26	81	27	11	28	21	29	78	
	0	70	1	46	2	83	3	50	4	2	5	57	6	32	7	27	8	67	9	87	10	2	11	14	12	74	13	57	14	56	15	32	16	50	17	1	18	69	19	62	20	63	21	32	22	81	23	86	24	77	25	96	26	84	27	37	28	37	29	47	
	0	61	1	41	2	74	3	78	4	100	5	44	6	92	7	38	8	96	9	36	10	43	11	88	12	93	13	22	14	11	15	33	16	65	17	29	18	1	19	73	20	50	21	92	22	85	23	50	24	13	25	92	26	62	27	97	28	94	29	69	
	0	56	1	72	2	89	3	49	4	77	5	35	6	7	7	82	8	36	9	9	10	85	11	13	12	22	13	75	14	63	15	31	16	82	17	68	18	73	19	37	20	29	21	69	22	13	23	64	24	11	25	71	26	84	27	90	28	45	29	43	
	0	82	1	17	2	36	3	14	4	61	5	53	6	30	7	66	8	22	9	74	10	45	11	58	12	16	13	56	14	97	15	53	16	5	17	11	18	52	19	3	20	79	21	15	22	21	23	60	24	36	25	32	26	64	27	81	28	67	29	35	
	0	30	1	2	2	72	3	65	4	76	5	34	6	78	7	82	8	54	9	62	10	87	11	74	12	79	13	5	14	48	15	40	16	20	17	10	18	68	19	68	20	87	21	80	22	56	23	63	24	66	25	58	26	41	27	78	28	56	29	94	
	0	90	1	12	2	20	3	69	4	8	5	12	6	72	7	14	8	83	9	63	10	25	11	16	12	63	13	31	14	34	15	78	16	10	17	14	18	79	19	4	20	50	21	71	22	37	23	4	24	83	25	17	26	31	27	20	28	62	29	43	
	0	87	1	24	2	63	3	99	4	44	5	49	6	73	7	3	8	100	9	43	10	17	11	24	12	6	13	88	14	71	15	73	16	19	17	37	18	37	19	97	20	49	21	50	22	88	23	99	24	72	25	23	26	84	27	38	28	1	29	62	
	0	32	1	47	2	50	3	10	4	72	5	6	6	41	7	57	8	69	9	83	10	20	11	61	12	67	13	1	14	38	15	81	16	61	17	36	18	28	19	78	20	57	21	17	22	43	23	42	24	86	25	66	26	22	27	78	28	44	29	61	
	0	72	1	19	2	11	3	69	4	83	5	63	6	33	7	68	8	20	9	65	10	42	11	13	12	89	13	5	14	66	15	71	16	65	17	75	18	22	19	43	20	99	21	37	22	51	23	54	24	16	25	64	26	36	27	22	28	54	29	23	
	0	42	1	50	2	20	3	8	4	31	5	39	6	80	7	69	8	17	9	46	10	25	11	55	12	73	13	52	14	18	15	77	16	37	17	84	18	70	19	87	20	90	21	67	22	10	23	26	24	78	25	20	26	77	27	5	28	1	29	24	
	0	89	1	19	2	51	3	94	4	64	5	28	6	20	7	79	8	92	9	31	10	96	11	90	12	87	13	20	14	23	15	82	16	62	17	58	18	32	19	87	20	10	21	16	22	29	23	4	24	75	25	58	26	99	27	48	28	58	29	13	
	0	15	1	36	2	89	3	51	4	6	5	24	6	69	7	28	8	46	9	46	10	51	11	72	12	91	13	11	14	83	15	95	16	86	17	33	18	47	19	89	20	32	21	89	22	41	23	28	24	66	25	62	26	14	27	23	28	69	29	61	
	0	30	1	27	2	57	3	53	4	60	5	5	6	4	7	64	8	18	9	95	10	52	11	59	12	29	13	86	14	61	15	6	16	9	17	98	18	7	19	75	20	72	21	44	22	72	23	100	24	10	25	28	26	3	27	37	28	29	29	26	
	0	8	1	64	2	42	3	75	4	38	5	9	6	32	7	26	8	100	9	6	10	44	11	26	12	96	13	36	14	7	15	40	16	79	17	12	18	37	19	81	20	82	21	64	22	2	23	89	24	45	25	47	26	22	27	10	28	66	29	28	
	0	65	1	52	2	61	3	48	4	94	5	43	6	24	7	38	8	7	9	91	10	22	11	19	12	35	13	65	14	85	15	39	16	91	17	34	18	100	19	46	20	66	21	37	22	50	23	26	24	43	25	66	26	70	27	86	28	33	29	10	
	0	13	1	56	2	55	3	35	4	63	5	81	6	90	7	52	8	57	9	89	10	72	11	6	12	7	13	74	14	27	15	62	16	18	17	77	18	95	19	100	20	80	21	15	22	72	23	93	24	17	25	11	26	49	27	65	28	83	29	2	
	0	66	1	19	2	46	3	21	4	10	5	44	6	23	7	63	8	69	9	68	10	6	11	86	12	3	13	13	14	66	15	15	16	91	17	72	18	36	19	10	20	2	21	74	22	20	23	44	24	1	25	90	26	98	27	52	28	15	29	24	
	0	69	1	46	2	50	3	14	4	2	5	91	6	2	7	84	8	40	9	47	10	71	11	11	12	51	13	48	14	17	15	42	16	43	17	42	18	95	19	1	20	99	21	21	22	4	23	40	24	19	25	96	26	79	27	36	28	8	29	65	
	0	4	1	29	2	31	3	74	4	45	5	90	6	42	7	73	8	79	9	57	10	94	11	43	12	78	13	96	14	4	15	44	16	100	17	99	18	67	19	84	20	69	21	1	22	40	23	28	24	77	25	58	26	58	27	10	28	71	29	42	
	0	25	1	62	2	59	3	14	4	26	5	66	6	70	7	72	8	60	9	25	10	77	11	97	12	26	13	41	14	40	15	80	16	89	17	14	18	86	19	59	20	61	21	96	22	35	23	25	24	9	25	9	26	13	27	12	28	20	29	13	
	0	20	1	80	2	39	3	30	4	37	5	81	6	81	7	43	8	26	9	7	10	13	11	9	12	24	13	6	14	75	15	53	16	37	17	42	18	6	19	22	20	54	21	97	22	82	23	27	24	6	25	53	26	6	27	97	28	57	29	46	
	0	78	1	58	2	31	3	39	4	84	5	35	6	47	7	73	8	20	9	68	10	28	11	48	12	1	13	53	14	73	15	22	16	30	17	26	18	55	19	7	20	43	21	40	22	44	23	79	24	37	25	27	26	29	27	4	28	49	29	11	
	0	47	1	12	2	86	3	63	4	52	5	39	6	98	7	3	8	62	9	5	10	80	11	41	12	26	13	38	14	15	15	39	16	31	17	75	18	18	19	84	20	60	21	63	22	83	23	35	24	20	25	76	26	47	27	90	28	61	29	15	
	0	49	1	5	2	97	3	50	4	99	5	63	6	98	7	35	8	22	9	14	10	96	11	7	12	80	13	43	14	37	15	42	16	13	17	49	18	85	19	91	20	63	21	83	22	44	23	25	24	12	25	61	26	10	27	35	28	95	29	91	
	0	42	1	33	2	22	3	69	4	50	5	60	6	2	7	23	8	22	9	12	10	72	11	66	12	63	13	62	14	33	15	53	16	60	17	16	18	78	19	97	20	13	21	77	22	94	23	51	24	53	25	29	26	56	27	52	28	66	29	10	
	0	93	1	95	2	35	3	59	4	83	5	88	6	66	7	66	8	61	9	61	10	60	11	41	12	56	13	69	14	6	15	22	16	14	17	75	18	5	19	7	20	73	21	52	22	27	23	40	24	95	25	85	26	45	27	40	28	25	29	48	
	0	5	1	12	2	70	3	61	4	33	5	76	6	50	7	62	8	73	9	52	10	92	11	71	12	55	13	15	14	6	15	57	16	73	17	10	18	67	19	37	20	21	21	99	22	88	23	21	24	61	25	74	26	76	27	80	28	84	29	73	
	0	5	1	7	2	98	3	69	4	41	5	97	6	64	7	93	8	33	9	75	10	16	11	82	12	82	13	28	14	28	15	45	16	61	17	100	18	77	19	8	20	65	21	56	22	12	23	33	24	61	25	3	26	12	27	38	28	95	29	73	
	0	56	1	33	2	33	3	71	4	57	5	81	6	22	7	67	8	71	9	25	10	9	11	70	12	65	13	25	14	95	15	17	16	38	17	88	18	71	19	34	20	20	21	67	22	15	23	11	24	57	25	69	26	1	27	57	28	53	29	28	
	0	20	1	70	2	67	3	84	4	25	5	81	6	26	7	72	8	34	9	16	10	55	11	81	12	99	13	92	14	62	15	43	16	40	17	65	18	3	19	99	20	78	21	21	22	32	23	59	24	70	25	34	26	44	27	42	28	44	29	4	
	0	43	1	87	2	14	3	85	4	85	5	9	6	89	7	93	8	53	9	26	10	65	11	26	12	64	13	36	14	41	15	69	16	90	17	69	18	44	19	88	20	25	21	83	22	48	23	23	24	68	25	64	26	65	27	30	28	79	29	28	
	0	2	1	20	2	26	3	49	4	61	5	1	6	43	7	25	8	5	9	91	10	74	11	43	12	58	13	96	14	13	15	19	16	84	17	73	18	69	19	40	20	59	21	90	22	60	23	51	24	15	25	57	26	3	27	82	28	85	29	45	
	0	60	1	92	2	83	3	36	4	78	5	29	6	6	7	63	8	37	9	23	10	69	11	58	12	78	13	51	14	45	15	3	16	55	17	45	18	51	19	11	20	91	21	78	22	70	23	84	24	89	25	28	26	24	27	47	28	52	29	33	
	0	53	1	9	2	48	3	66	4	35	5	66	6	31	7	51	8	88	9	82	10	95	11	64	12	5	13	35	14	35	15	10	16	54	17	45	18	61	19	79	20	44	21	93	22	60	23	36	24	81	25	53	26	52	27	66	28	36	29	92	
	0	84	1	33	2	21	3	42	4	90	5	57	6	82	7	40	8	89	9	63	10	87	11	18	12	88	13	11	14	12	15	46	16	51	17	24	18	10	19	13	20	77	21	29	22	50	23	1	24	33	25	83	26	58	27	97	28	65	29	20	
	0	45	1	54	2	48	3	26	4	34	5	78	6	75	7	74	8	91	9	79	10	5	11	37	12	64	13	27	14	57	15	5	16	64	17	7	18	41	19	73	20	61	21	75	22	21	23	6	24	45	25	56	26	77	27	89	28	52	29	9	
	0	99	1	22	2	92	3	43	4	29	5	60	6	43	7	55	8	23	9	44	10	56	11	11	12	10	13	29	14	23	15	98	16	37	17	89	18	35	19	50	20	73	21	17	22	58	23	12	24	17	25	62	26	68	27	1	28	95	29	24	
	0	72	1	87	2	75	3	61	4	92	5	32	6	17	7	35	8	20	9	69	10	29	11	52	12	67	13	79	14	16	15	91	16	58	17	34	18	46	19	4	20	46	21	30	22	92	23	76	24	49	25	67	26	18	27	94	28	21	29	42	
	0	9	1	2	2	84	3	93	4	76	5	65	6	23	7	29	8	42	9	56	10	78	11	86	12	98	13	97	14	82	15	53	16	99	17	11	18	15	19	31	20	17	21	61	22	90	23	52	24	96	25	74	26	26	27	76	28	56	29	86	
	0	30	1	37	2	30	3	21	4	83	5	71	6	84	7	93	8	12	9	49	10	11	11	89	12	16	13	100	14	2	15	44	16	75	17	23	18	7	19	65	20	58	21	21	22	5	23	21	24	93	25	36	26	7	27	55	28	91	29	27	
	0	95	1	9	2	16	3	87	4	43	5	68	6	14	7	31	8	80	9	29	10	83	11	70	12	53	13	31	14	99	15	54	16	53	17	53	18	79	19	46	20	84	21	29	22	26	23	29	24	72	25	91	26	96	27	78	28	95	29	72	
	0	21	1	57	2	54	3	4	4	99	5	64	6	38	7	6	8	80	9	83	10	15	11	91	12	11	13	42	14	38	15	86	16	82	17	40	18	54	19	7	20	22	21	33	22	63	23	59	24	71	25	54	26	7	27	52	28	15	29	25	
	0	30	1	87	2	70	3	49	4	82	5	82	6	23	7	95	8	1	9	97	10	42	11	42	12	39	13	64	14	45	15	94	16	71	17	95	18	50	19	7	20	33	21	10	22	28	23	30	24	54	25	79	26	70	27	40	28	29	29	32	
	0	90	1	91	2	11	3	65	4	81	5	99	6	58	7	12	8	12	9	9	10	98	11	80	12	67	13	33	14	21	15	83	16	14	17	37	18	45	19	80	20	38	21	26	22	44	23	87	24	1	25	39	26	83	27	90	28	10	29	92	
	0	16	1	70	2	88	3	22	4	3	5	55	6	75	7	72	8	35	9	13	10	42	11	39	12	19	13	38	14	59	15	59	16	8	17	33	18	64	19	45	20	95	21	98	22	2	23	97	24	33	25	10	26	89	27	45	28	5	29	98	
	0	76	1	85	2	61	3	26	4	63	5	70	6	4	7	23	8	83	9	14	10	69	11	30	12	61	13	14	14	23	15	9	16	91	17	36	18	77	19	73	20	84	21	72	22	13	23	34	24	55	25	84	26	4	27	10	28	96	29	72	
	0	20	1	32	2	79	3	83	4	75	5	29	6	26	7	57	8	92	9	78	10	93	11	71	12	36	13	86	14	49	15	53	16	75	17	84	18	66	19	20	20	44	21	4	22	58	23	19	24	31	25	86	26	64	27	12	28	79	29	31	
	0	82	1	43	2	69	3	69	4	55	5	38	6	92	7	67	8	96	9	93	10	65	11	53	12	70	13	67	14	79	15	54	16	45	17	95	18	9	19	19	20	29	21	63	22	85	23	17	24	54	25	26	26	49	27	23	28	46	29	80	
	0	55	1	74	2	42	3	32	4	78	5	19	6	13	7	55	8	41	9	23	10	26	11	52	12	89	13	6	14	13	15	9	16	55	17	49	18	19	19	11	20	66	21	50	22	75	23	10	24	39	25	50	26	88	27	56	28	88	29	26	
	0	56	1	36	2	27	3	51	4	90	5	1	6	93	7	79	8	80	9	81	10	13	11	10	12	29	13	32	14	39	15	51	16	47	17	84	18	55	19	56	20	85	21	10	22	63	23	56	24	32	25	28	26	70	27	43	28	76	29	70	
	0	22	1	69	2	22	3	73	4	37	5	21	6	12	7	51	8	32	9	6	10	57	11	20	12	41	13	71	14	43	15	77	16	71	17	10	18	51	19	79	20	72	21	63	22	32	23	96	24	31	25	75	26	1	27	22	28	8	29	81	
	0	69	1	89	2	69	3	78	4	41	5	94	6	90	7	61	8	69	9	97	10	29	11	34	12	83	13	13	14	81	15	14	16	5	17	1	18	22	19	65	20	26	21	67	22	50	23	28	24	45	25	48	26	90	27	62	28	85	29	23	
	0	31	1	39	2	21	3	82	4	80	5	76	6	4	7	31	8	10	9	62	10	45	11	97	12	47	13	44	14	86	15	47	16	92	17	49	18	51	19	54	20	66	21	15	22	35	23	42	24	20	25	86	26	22	27	39	28	52	29	73	
	0	97	1	83	2	55	3	87	4	26	5	64	6	39	7	98	8	36	9	40	10	52	11	45	12	64	13	69	14	99	15	49	16	11	17	30	18	51	19	41	20	25	21	41	22	9	23	59	24	46	25	63	26	23	27	39	28	68	29	26	
	0	85	1	16	2	80	3	78	4	10	5	98	6	10	7	62	8	42	9	22	10	64	11	14	12	9	13	61	14	10	15	10	16	11	17	35	18	37	19	94	20	26	21	97	22	31	23	42	24	38	25	11	26	44	27	46	28	27	29	12	
	0	47	1	79	2	86	3	43	4	54	5	28	6	94	7	58	8	79	9	75	10	94	11	39	12	60	13	40	14	17	15	83	16	43	17	56	18	57	19	36	20	49	21	60	22	52	23	3	24	17	25	41	26	5	27	5	28	96	29	64	
	0	16	1	56	2	82	3	42	4	45	5	10	6	56	7	66	8	51	9	39	10	82	11	76	12	13	13	88	14	53	15	10	16	19	17	38	18	19	19	22	20	51	21	7	22	66	23	95	24	30	25	87	26	22	27	25	28	30	29	59	
	0	26	1	88	2	33	3	87	4	67	5	73	6	64	7	61	8	78	9	67	10	15	11	20	12	19	13	45	14	97	15	67	16	66	17	61	18	12	19	55	20	50	21	70	22	19	23	67	24	89	25	15	26	100	27	94	28	8	29	35	
	0	61	1	76	2	59	3	50	4	46	5	90	6	61	7	6	8	38	9	97	10	38	11	52	12	64	13	18	14	10	15	45	16	93	17	67	18	72	19	52	20	7	21	82	22	99	23	26	24	28	25	2	26	13	27	81	28	57	29	91	
	0	85	1	59	2	26	3	84	4	63	5	99	6	13	7	5	8	47	9	70	10	79	11	64	12	6	13	23	14	2	15	8	16	27	17	86	18	29	19	99	20	78	21	47	22	41	23	54	24	60	25	35	26	18	27	43	28	42	29	52	
	0	86	1	19	2	31	3	17	4	2	5	51	6	60	7	9	8	16	9	31	10	91	11	61	12	96	13	75	14	54	15	50	16	51	17	78	18	34	19	66	20	57	21	57	22	28	23	74	24	70	25	79	26	39	27	69	28	26	29	89	
	0	68	1	28	2	35	3	82	4	68	5	84	6	28	7	96	8	52	9	90	10	11	11	57	12	51	13	14	14	19	15	54	16	61	17	69	18	69	19	62	20	19	21	18	22	97	23	48	24	83	25	34	26	30	27	78	28	54	29	67	
	0	46	1	74	2	33	3	45	4	71	5	87	6	13	7	2	8	36	9	49	10	35	11	14	12	80	13	14	14	72	15	43	16	49	17	9	18	51	19	74	20	36	21	38	22	1	23	25	24	2	25	20	26	70	27	98	28	40	29	47	
	0	91	1	42	2	80	3	61	4	70	5	12	6	3	7	74	8	46	9	9	10	66	11	13	12	8	13	19	14	97	15	55	16	67	17	34	18	31	19	25	20	89	21	55	22	46	23	30	24	90	25	45	26	14	27	17	28	54	29	90	
	0	53	1	17	2	43	3	94	4	82	5	82	6	25	7	88	8	55	9	28	10	51	11	10	12	18	13	4	14	3	15	55	16	70	17	96	18	54	19	84	20	100	21	96	22	86	23	3	24	32	25	67	26	40	27	92	28	51	29	75	
	0	34	1	23	2	8	3	88	4	34	5	59	6	82	7	24	8	1	9	33	10	98	11	49	12	20	13	44	14	20	15	6	16	17	17	41	18	20	19	3	20	38	21	65	22	72	23	75	24	90	25	10	26	1	27	44	28	85	29	95	
	0	28	1	34	2	63	3	60	4	38	5	13	6	80	7	65	8	24	9	45	10	47	11	75	12	89	13	56	14	89	15	65	16	25	17	11	18	61	19	6	20	99	21	31	22	7	23	28	24	35	25	7	26	74	27	53	28	39	29	38	
	0	55	1	10	2	65	3	46	4	40	5	81	6	11	7	4	8	5	9	15	10	98	11	80	12	54	13	91	14	11	15	30	16	77	17	55	18	63	19	55	20	12	21	65	22	91	23	98	24	8	25	74	26	54	27	70	28	45	29	3	
	0	39	1	32	2	71	3	85	4	74	5	67	6	21	7	30	8	90	9	84	10	60	11	30	12	25	13	37	14	47	15	28	16	21	17	58	18	14	19	51	20	44	21	94	22	33	23	70	24	7	25	76	26	47	27	28	28	11	29	82	
	0	88	1	32	2	33	3	91	4	33	5	63	6	80	7	29	8	15	9	8	10	72	11	70	12	83	13	78	14	26	15	40	16	1	17	35	18	3	19	65	20	67	21	69	22	39	23	52	24	48	25	81	26	12	27	70	28	71	29	7	
	0	16	1	81	2	46	3	5	4	8	5	91	6	77	7	21	8	85	9	84	10	33	11	2	12	53	13	97	14	93	15	43	16	11	17	93	18	84	19	66	20	33	21	86	22	55	23	28	24	28	25	69	26	34	27	74	28	38	29	48	
	0	67	1	78	2	56	3	93	4	48	5	80	6	89	7	7	8	75	9	95	10	47	11	4	12	79	13	68	14	13	15	70	16	57	17	45	18	50	19	12	20	37	21	59	22	34	23	86	24	75	25	66	26	36	27	46	28	6	29	34	
	0	32	1	65	2	97	3	79	4	50	5	60	6	65	7	87	8	71	9	56	10	51	11	93	12	65	13	45	14	2	15	30	16	67	17	68	18	85	19	55	20	90	21	13	22	67	23	93	24	59	25	20	26	100	27	21	28	5	29	33	
	0	49	1	100	2	7	3	97	4	43	5	36	6	25	7	16	8	37	9	50	10	99	11	41	12	8	13	94	14	31	15	52	16	25	17	1	18	71	19	56	20	19	21	46	22	44	23	64	24	34	25	93	26	55	27	77	28	40	29	50	
	0	41	1	19	2	2	3	25	4	2	5	62	6	54	7	51	8	98	9	19	10	57	11	63	12	85	13	50	14	60	15	52	16	77	17	35	18	53	19	16	20	59	21	18	22	44	23	94	24	90	25	17	26	67	27	50	28	7	29	37	
	0	84	1	57	2	62	3	60	4	73	5	84	6	59	7	93	8	90	9	32	10	74	11	71	12	16	13	60	14	25	15	72	16	53	17	1	18	91	19	59	20	85	21	75	22	93	23	49	24	12	25	23	26	9	27	28	28	46	29	8	
	0	15	1	42	2	52	3	13	4	46	5	52	6	99	7	73	8	59	9	68	10	15	11	49	12	90	13	19	14	95	15	44	16	50	17	95	18	81	19	34	20	42	21	28	22	78	23	23	24	13	25	45	26	79	27	40	28	98	29	18	
	0	25	1	79	2	43	3	91	4	20	5	83	6	76	7	12	8	16	9	36	10	17	11	71	12	97	13	64	14	97	15	62	16	73	17	72	18	77	19	26	20	66	21	50	22	49	23	31	24	95	25	7	26	73	27	27	28	61	29	66	
	0	32	1	29	2	87	3	31	4	70	5	50	6	23	7	47	8	17	9	30	10	98	11	73	12	3	13	73	14	52	15	10	16	75	17	74	18	62	19	67	20	9	21	18	22	33	23	3	24	91	25	98	26	24	27	51	28	95	29	3	
	0	82	1	69	2	71	3	6	4	57	5	45	6	89	7	67	8	11	9	77	10	19	11	55	12	7	13	17	14	2	15	91	16	52	17	35	18	68	19	50	20	99	21	9	22	55	23	34	24	15	25	15	26	86	27	71	28	22	29	88	
	0	7	1	60	2	26	3	17	4	95	5	29	6	73	7	41	8	71	9	88	10	87	11	61	12	28	13	76	14	35	15	47	16	5	17	65	18	61	19	39	20	44	21	78	22	55	23	26	24	27	25	87	26	30	27	3	28	57	29	64	
	0	64	1	20	2	95	3	98	4	100	5	58	6	48	7	35	8	15	9	77	10	81	11	86	12	14	13	82	14	78	15	3	16	33	17	28	18	6	19	65	20	98	21	73	22	99	23	9	24	23	25	46	26	44	27	25	28	10	29	79	
	0	97	1	54	2	7	3	29	4	81	5	50	6	18	7	19	8	47	9	70	10	21	11	91	12	99	13	71	14	33	15	33	16	55	17	90	18	81	19	74	20	10	21	10	22	37	23	59	24	70	25	73	26	50	27	70	28	15	29	58	
	0	41	1	86	2	92	3	62	4	18	5	71	6	81	7	92	8	42	9	57	10	46	11	39	12	78	13	70	14	48	15	19	16	69	17	54	18	74	19	55	20	76	21	55	22	100	23	86	24	52	25	39	26	27	27	37	28	8	29	77	
	0	32	1	77	2	54	3	34	4	8	5	50	6	29	7	68	8	36	9	15	10	34	11	8	12	47	13	47	14	55	15	38	16	25	17	33	18	76	19	49	20	35	21	100	22	25	23	6	24	22	25	45	26	29	27	53	28	12	29	45	
	0	74	1	68	2	83	3	28	4	25	5	65	6	28	7	28	8	81	9	78	10	62	11	28	12	36	13	20	14	85	15	56	16	94	17	40	18	42	19	34	20	91	21	69	22	3	23	63	24	56	25	44	26	77	27	80	28	18	29	19	
	0	76	1	29	2	67	3	10	4	35	5	83	6	41	7	52	8	7	9	11	10	13	11	80	12	27	13	46	14	85	15	88	16	8	17	24	18	47	19	98	20	70	21	97	22	74	23	28	24	40	25	34	26	42	27	88	28	32	29	75	
	0	84	1	51	2	79	3	33	4	12	5	75	6	36	7	95	8	12	9	94	10	83	11	90	12	90	13	19	14	62	15	58	16	41	17	37	18	8	19	93	20	85	21	6	22	39	23	79	24	33	25	40	26	40	27	100	28	62	29	74	
	0	76	1	65	2	27	3	71	4	26	5	1	6	72	7	63	8	36	9	64	10	88	11	45	12	40	13	67	14	11	15	17	16	76	17	51	18	60	19	83	20	22	21	89	22	40	23	80	24	42	25	43	26	68	27	38	28	2	29	92	
	0	57	1	38	2	21	3	46	4	71	5	80	6	15	7	41	8	43	9	14	10	61	11	53	12	2	13	83	14	88	15	76	16	68	17	12	18	69	19	90	20	50	21	10	22	44	23	94	24	16	25	31	26	46	27	6	28	86	29	1	
	0	2	1	88	2	66	3	41	4	14	5	27	6	92	7	33	8	52	9	65	10	58	11	97	12	83	13	15	14	55	15	9	16	53	17	95	18	2	19	96	20	96	21	14	22	35	23	58	24	64	25	38	26	2	27	31	28	17	29	15	
	0	77	1	39	2	16	3	39	4	90	5	2	6	72	7	80	8	61	9	81	10	31	11	69	12	20	13	87	14	36	15	73	16	97	17	47	18	69	19	31	20	60	21	23	22	78	23	44	24	70	25	2	26	97	27	83	28	82	29	64	
	0	27	1	23	2	76	3	58	4	76	5	60	6	64	7	21	8	71	9	48	10	20	11	95	12	14	13	61	14	2	15	25	16	58	17	99	18	49	19	68	20	26	21	40	22	91	23	99	24	70	25	48	26	1	27	27	28	7	29	99	
	0	51	1	94	2	53	3	2	4	14	5	91	6	94	7	9	8	80	9	94	10	94	11	48	12	76	13	84	14	69	15	57	16	95	17	69	18	49	19	63	20	51	21	14	22	47	23	45	24	10	25	63	26	61	27	21	28	90	29	33	
	0	26	1	37	2	45	3	58	4	39	5	95	6	40	7	82	8	59	9	57	10	83	11	74	12	6	13	11	14	80	15	76	16	86	17	6	18	48	19	69	20	99	21	14	22	30	23	91	24	92	25	8	26	77	27	52	28	55	29	23	
	0	11	1	56	2	94	3	60	4	13	5	27	6	5	7	74	8	55	9	2	10	94	11	16	12	72	13	92	14	15	15	90	16	33	17	2	18	98	19	38	20	3	21	89	22	85	23	39	24	80	25	28	26	54	27	60	28	69	29	72	
	0	52	1	83	2	50	3	11	4	16	5	70	6	46	7	46	8	78	9	28	10	1	11	92	12	55	13	2	14	100	15	29	16	72	17	52	18	100	19	84	20	94	21	50	22	67	23	47	24	38	25	11	26	32	27	100	28	83	29	53	
	0	90	1	45	2	87	3	9	4	24	5	52	6	78	7	54	8	20	9	33	10	99	11	93	12	19	13	72	14	34	15	91	16	10	17	47	18	66	19	74	20	27	21	84	22	24	23	54	24	25	25	13	26	64	27	1	28	53	29	49	
	0	49	1	7	2	50	3	7	4	17	5	56	6	22	7	97	8	38	9	84	10	24	11	74	12	36	13	36	14	61	15	34	16	91	17	87	18	54	19	16	20	89	21	43	22	7	23	63	24	38	25	63	26	99	27	62	28	4	29	86	
	0	89	1	29	2	34	3	58	4	23	5	32	6	49	7	20	8	78	9	31	10	71	11	8	12	14	13	4	14	80	15	17	16	83	17	66	18	58	19	65	20	93	21	43	22	8	23	84	24	100	25	81	26	47	27	43	28	1	29	42	
	0	54	1	77	2	62	3	21	4	8	5	90	6	9	7	26	8	28	9	75	10	60	11	69	12	85	13	65	14	96	15	8	16	80	17	58	18	1	19	27	20	4	21	23	22	98	23	73	24	100	25	68	26	46	27	21	28	7	29	7	
	0	6	1	2	2	37	3	28	4	37	5	97	6	50	7	43	8	47	9	76	10	62	11	34	12	14	13	93	14	5	15	13	16	96	17	33	18	60	19	36	20	74	21	79	22	83	23	77	24	5	25	4	26	53	27	44	28	41	29	12	
	0	91	1	20	2	58	3	73	4	30	5	79	6	38	7	49	8	77	9	9	10	21	11	18	12	14	13	15	14	19	15	53	16	13	17	15	18	54	19	43	20	39	21	89	22	56	23	16	24	9	25	41	26	99	27	58	28	18	29	80	
	0	52	1	58	2	21	3	92	4	18	5	63	6	65	7	27	8	21	9	88	10	39	11	64	12	72	13	29	14	73	15	66	16	19	17	2	18	62	19	99	20	25	21	74	22	86	23	53	24	5	25	38	26	25	27	80	28	40	29	59	
	0	92	1	43	2	41	3	23	4	3	5	41	6	1	7	65	8	81	9	72	10	6	11	51	12	74	13	12	14	91	15	68	16	47	17	14	18	53	19	72	20	49	21	77	22	13	23	27	24	92	25	35	26	87	27	91	28	75	29	70	
	0	3	1	85	2	46	3	97	4	90	5	75	6	64	7	85	8	64	9	17	10	83	11	53	12	65	13	66	14	52	15	5	16	82	17	3	18	24	19	56	20	71	21	46	22	57	23	25	24	27	25	81	26	26	27	96	28	60	29	85	
	0	76	1	87	2	96	3	78	4	62	5	31	6	65	7	81	8	36	9	14	10	18	11	29	12	18	13	2	14	22	15	89	16	67	17	43	18	6	19	91	20	75	21	76	22	75	23	89	24	10	25	35	26	98	27	8	28	36	29	12	
	0	81	1	82	2	22	3	19	4	56	5	97	6	57	7	93	8	100	9	19	10	7	11	82	12	7	13	65	14	19	15	92	16	1	17	56	18	38	19	3	20	79	21	22	22	60	23	16	24	18	25	41	26	92	27	23	28	19	29	96	
	0	54	1	77	2	83	3	15	4	3	5	42	6	42	7	23	8	90	9	18	10	20	11	83	12	49	13	83	14	48	15	79	16	70	17	43	18	41	19	70	20	66	21	63	22	15	23	86	24	29	25	67	26	85	27	42	28	36	29	66	
	0	61	1	18	2	11	3	70	4	48	5	35	6	53	7	25	8	54	9	78	10	43	11	19	12	18	13	57	14	79	15	100	16	92	17	81	18	39	19	42	20	16	21	100	22	9	23	52	24	28	25	63	26	28	27	3	28	98	29	12	
	0	68	1	26	2	12	3	69	4	4	5	73	6	97	7	77	8	58	9	90	10	37	11	44	12	73	13	99	14	72	15	91	16	95	17	20	18	3	19	34	20	73	21	50	22	100	23	90	24	8	25	34	26	14	27	47	28	41	29	48	
	0	90	1	10	2	30	3	20	4	25	5	53	6	24	7	82	8	45	9	40	10	97	11	14	12	34	13	73	14	12	15	3	16	39	17	71	18	91	19	13	20	2	21	87	22	20	23	82	24	63	25	71	26	28	27	66	28	40	29	36	
	0	10	1	87	2	77	3	70	4	5	5	28	6	91	7	59	8	88	9	62	10	26	11	81	12	95	13	82	14	6	15	15	16	27	17	66	18	22	19	22	20	98	21	78	22	21	23	47	24	70	25	75	26	99	27	57	28	88	29	10	
	0	90	1	81	2	65	3	96	4	66	5	70	6	17	7	42	8	3	9	38	10	64	11	85	12	43	13	32	14	6	15	20	16	48	17	100	18	11	19	17	20	63	21	92	22	48	23	78	24	35	25	22	26	97	27	84	28	29	29	30	
	0	40	1	55	2	41	3	59	4	42	5	38	6	55	7	22	8	38	9	91	10	95	11	78	12	27	13	26	14	27	15	88	16	56	17	1	18	92	19	55	20	67	21	23	22	5	23	5	24	77	25	55	26	4	27	28	28	46	29	50	
	0	5	1	63	2	8	3	94	4	44	5	53	6	67	7	5	8	7	9	88	10	64	11	77	12	6	13	67	14	95	15	85	16	88	17	87	18	19	19	18	20	87	21	52	22	8	23	93	24	96	25	16	26	93	27	100	28	32	29	89	
	0	60	1	12	2	15	3	28	4	36	5	57	6	68	7	3	8	26	9	86	10	37	11	34	12	60	13	29	14	78	15	78	16	89	17	20	18	48	19	87	20	61	21	69	22	68	23	32	24	30	25	66	26	99	27	31	28	37	29	81	
	0	48	1	10	2	48	3	31	4	63	5	40	6	89	7	10	8	56	9	77	10	87	11	89	12	7	13	1	14	60	15	20	16	79	17	10	18	40	19	92	20	37	21	9	22	97	23	28	24	20	25	98	26	32	27	11	28	51	29	72	
	0	96	1	18	2	88	3	6	4	62	5	15	6	84	7	45	8	69	9	51	10	24	11	92	12	24	13	77	14	99	15	45	16	42	17	88	18	14	19	67	20	50	21	95	22	73	23	53	24	75	25	29	26	2	27	62	28	3	29	72	
	0	29	1	99	2	73	3	59	4	67	5	42	6	37	7	3	8	32	9	97	10	46	11	30	12	69	13	30	14	42	15	7	16	26	17	42	18	9	19	90	20	50	21	62	22	63	23	85	24	41	25	42	26	48	27	18	28	43	29	89	
	0	79	1	48	2	91	3	54	4	70	5	56	6	97	7	29	8	6	9	43	10	70	11	57	12	79	13	49	14	50	15	78	16	44	17	98	18	89	19	63	20	49	21	59	22	31	23	70	24	49	25	89	26	61	27	1	28	74	29	25	
	0	38	1	89	2	100	3	3	4	18	5	43	6	91	7	9	8	82	9	23	10	37	11	44	12	13	13	100	14	68	15	66	16	48	17	81	18	12	19	87	20	14	21	78	22	90	23	17	24	74	25	31	26	70	27	72	28	9	29	38	
	0	91	1	24	2	51	3	41	4	33	5	82	6	46	7	31	8	86	9	34	10	32	11	64	12	73	13	62	14	91	15	48	16	41	17	96	18	98	19	17	20	11	21	17	22	78	23	61	24	40	25	78	26	86	27	61	28	31	29	81	
	0	73	1	29	2	22	3	78	4	47	5	18	6	14	7	77	8	11	9	94	10	72	11	3	12	28	13	28	14	64	15	12	16	6	17	95	18	31	19	82	20	36	21	73	22	77	23	77	24	85	25	29	26	24	27	28	28	16	29	25	
	0	11	1	93	2	64	3	94	4	19	5	94	6	61	7	26	8	45	9	27	10	81	11	84	12	70	13	36	14	28	15	80	16	83	17	54	18	95	19	62	20	68	21	30	22	31	23	57	24	73	25	42	26	18	27	41	28	5	29	17	
	0	83	1	10	2	75	3	4	4	20	5	88	6	26	7	70	8	41	9	47	10	92	11	40	12	4	13	36	14	31	15	81	16	15	17	59	18	52	19	81	20	22	21	53	22	34	23	15	24	78	25	66	26	68	27	1	28	79	29	75	
	0	51	1	12	2	79	3	92	4	63	5	97	6	40	7	32	8	15	9	77	10	100	11	72	12	75	13	50	14	95	15	48	16	31	17	6	18	34	19	46	20	47	21	57	22	91	23	83	24	76	25	9	26	22	27	6	28	97	29	70	
	0	31	1	9	2	86	3	12	4	69	5	44	6	10	7	72	8	31	9	46	10	90	11	7	12	78	13	98	14	36	15	14	16	84	17	98	18	54	19	47	20	20	21	59	22	4	23	57	24	10	25	70	26	58	27	95	28	6	29	7	
	0	85	1	28	2	9	3	88	4	82	5	39	6	44	7	49	8	57	9	62	10	98	11	30	12	60	13	35	14	61	15	27	16	49	17	87	18	53	19	35	20	92	21	88	22	69	23	52	24	6	25	78	26	15	27	16	28	16	29	51	
	0	78	1	85	2	12	3	19	4	91	5	55	6	99	7	76	8	25	9	55	10	23	11	26	12	18	13	100	14	40	15	71	16	12	17	66	18	10	19	50	20	40	21	22	22	77	23	26	24	58	25	77	26	38	27	31	28	98	29	38	